151 21 17 6 15
152 20 18 24 13
153 8 24 11 17
154 27 24 15 14
155 5 30 32 13
156 26 45 30 17
157 17 34 23 31
158 14 29 33 13
159 7 33 19 3
160 1 20 3 13
161 20 45 30 14
162 9 33 27 14
163 6 17 5 13
164 32 20 29 10
165 23 31 13 7
166 8 24 18 6
167 4 25 26 12
168 19 31 10 25
169 7 30 3 22
170 11 38 15 20
171 24 24 25 21
172 16 20 28 14
173 17 19 33 13
174 14 39 2 30
175 21 30 1 24
176 22 33 12 27
177 5 27 20 23
178 3 30 8 21
179 31 26 6 20
180 23 37 12 3
181 15 15 22 13
182 14 38 32 7
183 9 41 18 38
184 11 23 28 20
185 17 27 13 3
186 26 23 29 19
187 25 42 10 39
188 7 34 24 20
189 21 17 19 3
190 30 35 1 28
191 2 45 4 10
192 27 19 16 16
193 17 23 32 20
194 9 38 29 0
195 16 24 6 21
196 2 33 23 20
197 12 24 33 10
198 1 27 8 6
199 10 51 4 16
200 7 10 19 3
201 11 30 25 8
202 30 23 3 20
203 13 21 20 14
204 18 24 26 17
205 24 15 21 12
206 5 28 27 7
207 14 35 22 6
208 28 31 15 24
209 13 31 26 23
210 11 19 27 16
211 7 34 22 14
212 8 16 4 10
213 29 23 10 17
214 32 38 6 17
215 1 33 25 16
216 9 38 28 35
217 17 40 30 17
218 16 35 3 25
219 5 30 24 20
220 14 30 12 13
