33 150
1 1 28 2 21
2 3 27 4 14
3 5 31 6 23
4 7 27 8 20
5 9 20 10 9
6 11 31 12 10
7 13 34 14 31
8 15 17 16 10
9 17 31 18 19
10 19 33 20 28
11 21 19 22 13
12 23 33 24 13
13 25 42 26 14
14 27 27 28 26
15 29 26 30 24
16 31 20 32 3
17 21 31 7 24
18 1 40 3 32
19 9 24 8 17
20 17 48 6 23
21 23 24 19 19
22 12 28 25 14
23 32 26 20 16
24 26 26 18 19
25 29 24 28 20
26 2 43 33 18
27 16 24 13 10
28 10 23 15 20
29 24 37 22 33
30 27 20 30 10
31 5 27 14 17
32 11 20 4 7
33 28 32 16 21
34 23 28 22 24
35 9 27 18 22
36 24 27 12 20
37 29 39 27 28
38 8 19 26 9
39 32 31 19 14
40 1 51 10 17
41 30 24 11 17
42 2 12 13 6
43 4 35 25 33
44 17 47 33 7
45 3 41 15 14
46 14 26 6 0
47 21 24 20 12
48 5 38 7 28
49 22 23 2 20
50 11 27 15 14
51 29 48 8 21
52 28 24 3 10
53 6 22 24 20
54 23 36 7 21
55 4 16 10 13
56 9 37 26 23
57 16 23 30 20
58 19 30 12 27
59 13 24 17 22
60 21 23 32 20
61 5 17 33 3
62 18 26 27 20
63 14 13 20 10
64 4 27 8 20
65 29 25 16 19
66 12 33 22 30
67 23 27 14 24
68 5 24 13 10
69 6 18 7 17
70 30 39 18 17
71 26 38 10 31
72 3 14 25 13
73 17 42 20 17
74 1 30 27 6
75 21 16 24 10
76 28 30 33 27
77 2 24 19 20
78 18 31 29 21
79 23 34 3 21
80 21 26 12 23
81 20 37 6 34
82 8 31 10 20
83 32 16 7 10
84 11 34 16 20
85 2 25 17 13
86 15 38 25 10
87 9 27 14 23
88 5 27 19 20
89 31 25 22 20
90 1 34 4 27
91 30 27 28 7
92 14 20 33 3
93 10 34 3 31
94 32 28 20 19
95 18 27 4 21
96 7 23 2 13
97 15 44 8 26
98 1 30 11 23
99 13 24 12 6
100 29 10 25 7
101 16 31 26 30
102 24 37 19 29
103 28 27 27 20
104 9 27 30 16
105 17 26 22 18
106 1 36 15 7
107 7 45 20 10
108 26 23 29 20
109 22 29 19 26
110 32 23 6 20
111 17 34 12 20
112 8 20 25 6
113 18 52 28 49
114 23 16 2 10
115 13 27 33 6
116 24 34 11 20
117 14 13 27 12
118 21 29 5 10
119 9 29 4 26
120 23 31 12 10
121 3 33 15 17
122 9 37 5 29
123 32 21 13 18
124 1 27 16 10
125 25 34 18 28
126 11 28 10 23
127 2 38 24 35
128 31 17 29 16
129 28 32 26 18
130 4 27 21 24
131 30 33 27 27
132 6 22 19 19
133 3 22 11 17
134 10 22 22 20
135 20 18 5 16
136 15 20 30 19
137 2 30 12 9
138 6 37 13 13
139 26 10 27 6
140 9 27 25 10
141 16 47 18 14
142 32 30 24 14
143 7 29 21 13
144 1 27 28 26
145 17 39 14 32
146 8 10 23 6
147 10 19 25 13
148 4 24 29 21
149 22 16 13 13
150 9 44 16 16
