151 21 17 6 15
152 20 18 24 13
153 8 24 11 17
154 27 24 15 14
155 5 30 32 13
156 26 45 30 17
157 17 34 23 31
158 14 29 33 13
159 7 33 19 3
160 1 20 3 13
161 20 45 30 14
162 9 33 27 14
163 6 17 5 13
164 32 20 29 10
165 23 31 13 7
166 8 24 18 6
167 4 25 26 12
168 19 31 10 25
169 7 30 3 22
170 11 38 15 20
171 24 24 25 21
172 16 20 28 14
173 17 19 33 13
174 14 39 2 30
175 21 30 1 24
176 22 33 12 27
177 5 27 20 23
178 3 30 8 21
179 31 26 6 20
180 23 37 12 3
181 15 15 22 13
182 14 38 32 7
183 9 41 18 38
184 11 23 28 20
185 17 27 13 3
186 26 23 29 19
187 25 42 10 39
188 7 34 24 20
189 21 17 19 3
190 30 35 1 28
191 2 45 4 10
192 27 19 16 16
193 17 23 32 20
194 9 38 29 0
195 16 24 6 21
196 2 33 23 20
197 12 24 33 10
198 1 27 8 6
199 10 51 4 16
200 7 10 19 3
201 11 30 25 8
202 30 23 3 20
203 13 21 20 14
204 18 24 26 17
205 24 15 21 12
206 5 28 27 7
207 14 35 22 6
208 28 31 15 24
209 13 31 26 23
210 11 19 27 16
211 7 34 22 14
212 8 16 4 10
213 29 23 10 17
214 32 38 6 17
215 1 33 25 16
216 9 38 28 35
217 17 40 30 17
218 16 35 3 25
219 5 30 24 20
220 14 30 12 13
221 2 34 21 27
222 19 30 15 14
223 23 24 33 14
224 20 35 18 27
225 24 23 19 20
226 16 38 30 24
227 29 20 9 13
228 3 16 27 6
229 20 32 33 17
230 7 17 12 13
231 4 18 15 12
232 32 49 28 17
233 18 38 10 27
234 11 26 1 20
235 6 26 26 21
236 8 34 25 6
237 17 38 5 8
238 13 23 14 17
239 22 20 2 17
240 21 20 23 17
241 18 20 29 17
242 3 22 11 17
243 9 38 26 10
244 20 24 6 20
245 23 24 22 16
246 2 28 12 12
247 16 34 27 23
248 32 20 5 13
249 8 30 10 6
250 4 30 25 24
251 7 23 24 17
252 15 20 1 10
253 30 35 28 30
254 14 36 17 6
255 21 27 19 20
256 31 19 13 16
257 7 30 8 0
258 2 18 23 16
259 14 10 32 9
260 5 35 16 18
261 1 27 7 20
262 17 26 5 20
263 9 31 14 24
264 21 23 2 16
265 21 20 1 18
266 9 49 17 15
267 21 24 9 10
