10 100
1 1 1 6 0
1 2 1 7 0
1 3 1 2 0
1 4 1 3 0
1 5 1 2 0
1 6 1 3 0
1 7 1 9 0
1 8 1 10 0
1 9 1 10 0
1 10 1 1 0
1 3 1 6 0
1 10 1 7 0
1 4 1 5 0
1 9 1 4 0
1 5 1 8 0
1 8 1 2 0
1 2 1 5 0
1 8 1 5 0
1 8 1 7 0
1 9 1 7 0
1 10 1 9 0
1 2 1 4 0
1 1 1 10 0
1 3 1 2 0
1 2 1 5 0
1 7 1 1 0
1 3 1 10 0
1 7 1 3 0
1 5 1 2 0
1 1 1 2 0
1 3 1 4 0
1 8 1 3 0
1 9 1 5 0
1 1 1 7 0
1 4 1 5 0
1 5 1 4 0
1 8 1 6 0
1 5 1 2 0
1 7 1 8 0
1 9 1 4 0
1 10 1 1 0
1 5 1 7 0
1 10 1 6 0
1 4 1 9 0
1 7 1 10 0
1 5 1 8 0
1 3 1 4 0
1 6 1 1 0
1 1 1 4 0
1 6 1 3 0
1 6 1 3 0
1 4 1 10 0
1 1 1 9 0
1 8 1 7 0
1 9 1 7 0
1 3 1 8 0
1 6 1 5 0
1 9 1 10 0
1 2 1 7 0
1 4 1 6 0
1 10 1 9 0
1 5 1 9 0
1 8 1 5 0
1 4 1 9 0
1 9 1 4 0
1 7 1 8 0
1 2 1 8 0
1 4 1 6 0
1 1 1 5 0
1 1 1 4 0
1 1 1 4 0
1 2 1 3 0
1 8 1 3 0
1 9 1 10 0
1 6 1 3 0
