30 1230
1 1 108 2 90
1 3 84 4 101
1 5 100 6 101
1 7 105 8 121
1 9 106 10 108
1 11 79 12 89
1 13 91 14 103
1 15 101 16 105
1 17 95 18 107
1 19 104 20 80
2 2 99 21 119
2 22 89 23 106
2 24 95 25 77
2 26 102 27 109
2 1 104 28 93
2 20 95 29 90
2 28 102 5 120
2 22 90 30 93
2 11 91 15 97
2 17 105 3 98
2 29 114 19 108
3 16 97 14 89
3 30 118 2 111
3 13 81 9 93
3 6 89 21 94
3 23 94 25 103
3 14 92 26 102
3 16 71 10 69
3 7 102 11 90
3 2 104 24 127
3 8 90 1 104
3 19 106 15 105
4 5 109 4 104
4 12 91 22 102
4 27 108 3 95
4 18 114 13 96
4 21 91 28 118
4 9 97 17 108
4 25 98 30 92
4 27 102 18 107
4 10 93 20 96
4 24 95 23 90
4 22 85 7 116
5 8 113 5 118
5 25 110 12 105
5 28 101 30 107
5 4 81 16 93
5 1 104 13 93
5 3 90 19 98
5 9 87 14 81
5 21 112 2 106
5 1 108 18 91
5 10 91 4 100
5 17 98 20 83
6 29 82 23 101
6 22 88 27 100
6 27 110 8 107
6 15 98 7 91
6 18 89 10 96
6 20 95 11 98
6 30 104 24 121
6 19 95 9 86
6 3 91 13 89
6 16 102 21 91
6 12 109 25 131
7 26 92 6 94
7 29 100 28 102
7 14 94 17 96
7 6 81 1 98
7 5 87 23 108
7 14 98 8 101
7 20 99 7 110
7 26 119 10 122
7 29 110 12 101
7 9 95 11 98
7 16 91 22 89
8 15 103 3 112
8 19 118 13 115
8 25 114 21 112
8 17 84 27 103
8 5 105 28 82
8 20 96 26 103
8 8 106 19 101
8 24 98 1 87
8 17 97 14 90
8 23 102 30 106
8 15 92 18 102
9 16 92 9 93
9 4 100 6 99
9 3 96 7 104
9 18 105 5 96
9 28 97 11 96
9 10 92 2 107
9 25 93 22 101
9 24 95 21 107
9 12 100 23 116
9 13 88 27 120
9 11 91 19 102
10 4 111 29 118
10 28 86 14 97
10 6 89 30 85
10 26 91 20 85
10 25 98 5 106
10 6 113 24 100
10 2 102 16 107
10 22 78 9 85
10 10 100 23 102
10 3 100 27 104
10 28 97 26 100
11 22 109 8 94
11 23 130 12 113
11 14 81 18 75
11 1 113 15 101
11 2 102 4 109
11 3 97 20 95
11 7 104 21 112
11 11 103 17 107
11 13 70 5 123
11 7 99 24 107
11 25 110 16 111
12 19 100 27 93
12 18 103 26 114
12 29 122 8 121
12 13 87 1 88
12 12 108 14 87
12 6 93 2 80
12 15 91 4 139
12 28 102 20 100
12 11 96 22 89
12 9 85 3 101
12 10 103 21 95
13 14 99 19 90
13 26 94 29 127
13 15 117 5 131
13 10 87 24 112
13 21 107 30 120
13 11 88 16 95
13 7 87 23 97
13 6 91 25 94
13 28 93 27 111
13 3 93 17 98
13 24 136 2 115
14 9 91 18 84
14 12 93 20 109
14 1 69 22 65
14 21 118 8 114
14 18 95 7 83
14 5 107 10 80
14 12 106 29 97
14 3 107 11 93
14 19 105 30 89
14 1 93 16 119
14 4 93 23 102
15 13 75 6 100
15 2 114 26 109
15 20 113 9 117
15 4 106 25 100
15 22 81 28 98
15 9 122 7 118
15 6 92 29 90
15 22 100 12 107
15 21 88 11 86
15 2 98 1 92
15 10 86 14 88
16 20 99 15 115
16 30 114 3 90
16 8 101 13 90
16 16 92 27 96
16 5 105 17 102
16 30 110 18 93
16 19 88 25 103
16 11 89 26 99
16 3 105 10 100
16 2 106 5 140
16 4 97 12 117
17 28 88 24 101
17 8 100 16 117
17 6 121 15 92
17 7 94 22 92
17 21 122 13 96
17 19 87 23 105
17 9 82 27 124
17 29 78 17 91
17 27 110 29 93
17 5 92 1 95
17 21 106 14 83
18 17 111 9 100
18 25 113 15 101
18 13 83 20 91
18 18 99 3 92
18 7 87 6 99
18 4 106 28 94
18 23 94 8 88
18 12 101 2 94
18 30 91 16 107
18 10 93 18 94
18 24 91 22 86
19 30 113 10 92
19 3 74 29 106
19 14 111 5 100
19 20 86 1 91
19 23 114 13 104
19 21 100 27 104
19 19 97 28 95
19 19 109 12 114
19 24 114 18 97
19 11 86 9 98
19 25 99 4 89
20 26 106 17 102
20 27 126 26 115
20 23 105 10 97
20 17 87 29 113
20 20 102 5 109
20 30 104 11 98
20 25 89 1 102
20 16 99 2 93
20 9 103 15 86
20 28 82 22 97
20 24 111 3 96
21 7 99 13 91
21 12 112 21 120
21 14 100 6 106
21 4 91 26 100
21 19 109 8 102
21 24 106 10 101
21 21 97 12 122
21 9 104 11 88
21 30 102 1 85
21 3 83 14 98
21 15 120 2 119
22 20 78 22 105
22 16 112 23 99
22 25 104 6 112
22 5 106 27 102
22 10 75 26 105
22 14 97 29 109
22 1 117 9 103
22 5 110 13 103
22 30 112 28 96
22 4 80 17 83
22 6 111 8 89
23 19 102 7 84
23 24 104 11 93
23 27 122 2 129
23 18 86 20 79
23 3 93 21 90
23 15 93 23 107
23 16 97 25 85
23 15 101 30 127
23 6 109 13 103
23 12 103 28 101
23 18 86 17 107
24 8 105 26 109
24 5 132 19 129
24 9 108 29 111
24 23 105 12 103
24 2 106 11 96
24 3 97 24 98
24 22 104 4 112
24 7 98 20 93
24 14 99 21 116
24 27 117 25 109
24 11 102 8 109
25 6 93 7 95
25 19 102 10 95
25 16 96 1 105
25 3 86 30 114
25 26 112 18 102
25 5 107 9 105
25 13 85 15 77
25 27 123 28 104
25 2 95 17 111
25 4 85 24 112
25 29 90 20 87
26 14 82 23 88
26 2 96 8 113
26 26 98 7 75
26 20 102 10 103
26 21 118 5 106
26 6 107 16 101
26 18 85 9 109
26 1 114 15 112
26 22 103 13 91
26 14 101 25 102
26 29 105 27 91
27 3 98 28 93
27 12 89 17 119
27 24 112 19 102
27 13 108 11 101
27 21 95 1 100
27 4 100 30 120
27 3 105 25 96
27 15 101 6 123
27 12 84 26 96
27 17 93 8 101
27 9 102 5 125
28 22 96 11 94
28 4 104 2 87
28 18 87 16 103
28 23 103 20 99
28 29 110 7 88
28 26 108 14 92
28 21 120 30 121
28 24 102 15 86
28 28 92 25 101
28 12 107 27 112
28 8 132 17 133
29 27 101 29 105
29 23 98 11 86
29 25 95 2 98
29 5 105 16 114
29 20 93 4 104
29 9 101 22 114
29 18 103 21 97
29 6 96 28 100
29 13 79 26 95
29 7 80 19 105
29 8 87 10 96
30 4 107 5 112
30 18 82 12 102
30 1 93 24 105
30 30 103 14 96
30 23 82 15 90
30 17 91 3 89
30 20 95 6 109
30 29 94 22 103
30 1 113 25 109
30 3 81 26 87
30 20 101 8 95
31 13 70 7 88
31 23 106 19 115
31 10 107 16 113
31 22 111 15 92
31 29 114 4 119
31 11 105 21 103
31 2 112 6 110
31 14 94 27 106
31 18 100 28 95
31 30 96 17 104
31 7 114 10 87
32 24 105 5 98
32 12 96 1 108
32 23 95 14 85
32 30 106 9 111
32 26 99 3 100
32 16 120 13 115
32 11 95 25 90
32 6 99 12 91
32 19 93 18 75
32 2 100 15 94
32 24 128 4 122
33 27 95 20 90
33 21 88 22 112
33 28 84 17 93
33 19 86 26 93
33 10 88 29 97
33 2 91 14 110
33 11 91 30 113
33 8 105 13 87
33 9 96 21 94
33 6 95 23 108
33 3 82 27 95
34 18 95 7 91
34 24 98 16 105
34 28 111 4 119
34 5 107 20 87
34 22 104 25 92
34 15 95 17 109
34 3 92 8 109
34 21 111 10 106
34 26 127 29 98
34 1 115 12 111
34 5 117 11 106
35 14 100 30 102
35 28 105 18 87
35 9 97 23 104
35 16 117 6 116
35 7 89 27 105
35 20 97 19 103
35 22 109 24 114
35 4 99 1 90
35 9 108 25 107
35 15 98 8 114
35 7 91 29 95
36 30 106 12 109
36 27 110 11 100
36 22 104 2 103
36 19 103 16 97
36 17 105 18 103
36 28 101 3 94
36 10 109 13 91
36 23 129 6 119
36 28 86 10 104
36 6 93 5 99
36 14 73 12 76
37 26 104 1 97
37 9 102 30 106
37 23 114 4 88
37 21 99 20 90
37 11 105 7 110
37 16 91 29 105
37 8 84 18 100
37 14 100 15 96
37 4 101 22 99
37 13 96 3 88
37 2 101 25 108
38 20 108 27 118
38 21 104 17 92
38 27 120 19 129
38 12 82 10 110
38 26 105 5 102
38 25 108 24 128
38 23 95 1 110
38 28 97 16 91
38 30 118 6 125
38 30 104 26 107
38 12 96 7 102
39 15 104 29 125
39 4 84 14 96
39 24 105 2 115
39 13 91 18 87
39 10 108 9 101
39 23 115 22 111
39 8 95 3 100
39 5 115 21 124
39 19 99 17 91
39 2 93 19 113
39 24 86 30 100
40 29 91 18 101
40 17 102 20 91
40 22 114 6 106
40 9 107 26 77
40 7 109 8 107
40 2 98 5 102
40 15 102 12 106
40 14 109 11 119
40 1 117 16 111
40 6 90 4 97
40 10 75 22 98
41 29 98 3 89
41 13 93 23 114
41 21 115 25 106
41 14 110 7 85
41 4 100 19 107
41 3 102 10 94
41 15 97 24 110
41 27 110 30 98
41 16 103 18 95
41 26 90 9 85
41 20 129 25 135
42 13 71 28 88
42 8 88 17 101
42 11 103 29 80
42 22 107 5 112
42 27 116 12 102
42 21 116 2 107
42 20 79 23 101
42 1 106 6 110
42 25 99 7 107
42 9 104 10 94
42 17 104 1 103
43 19 92 14 90
43 28 97 30 101
43 3 102 18 101
43 29 101 26 109
43 7 96 19 82
43 17 87 5 114
43 2 111 12 103
43 13 86 24 126
43 6 87 16 95
43 21 106 4 110
43 11 109 3 86
44 27 97 23 102
44 15 94 28 100
44 25 84 8 106
44 9 96 29 80
44 10 83 1 102
44 18 95 14 106
44 20 78 30 99
44 21 134 22 137
44 4 93 6 95
44 12 101 19 106
44 25 110 15 107
45 5 119 8 101
45 29 91 10 87
45 27 105 24 126
45 16 109 2 106
45 14 94 9 91
45 1 83 4 111
45 11 97 20 81
45 17 102 22 109
45 7 100 3 98
45 13 96 21 112
45 26 98 28 92
46 8 104 19 109
46 16 85 12 114
46 18 79 1 115
46 13 91 30 127
46 28 101 15 89
46 10 98 3 90
46 26 115 23 107
46 17 92 6 101
46 5 109 29 90
46 25 95 11 114
46 14 87 2 88
47 7 84 18 88
47 9 95 20 82
47 27 109 21 125
47 10 104 8 95
47 5 96 7 88
47 1 105 19 114
47 22 91 24 117
47 26 107 30 98
47 20 83 16 105
47 12 110 15 101
47 17 92 4 85
48 29 92 13 95
48 2 94 23 98
48 14 105 28 101
48 21 102 9 96
48 11 105 6 104
48 16 86 26 96
48 8 89 7 81
48 28 97 19 77
48 4 94 10 98
48 1 105 29 93
48 11 108 5 95
49 3 90 12 93
49 14 102 24 117
49 2 89 30 114
49 21 113 15 111
49 9 97 13 77
49 22 83 25 104
49 20 91 17 101
49 1 120 20 96
49 18 83 23 99
49 10 103 27 95
49 13 90 7 88
50 26 106 11 103
50 29 94 24 112
50 8 103 14 107
50 3 84 2 101
50 15 84 9 98
50 16 95 4 106
50 28 94 22 99
50 12 118 25 108
50 21 95 6 100
50 19 86 17 102
50 9 87 19 95
51 7 93 11 98
51 28 82 1 97
51 5 100 30 120
51 6 108 15 93
51 10 110 20 82
51 14 92 13 93
51 3 92 23 103
51 8 96 27 109
51 17 89 26 120
51 18 104 30 90
51 23 106 2 94
52 21 110 16 122
52 29 84 25 103
52 4 100 8 108
52 1 113 7 99
52 3 121 19 114
52 11 114 27 111
52 15 110 14 101
52 18 78 2 75
52 26 105 13 87
52 29 100 21 107
52 5 108 25 104
53 24 116 28 105
53 6 93 17 101
53 26 105 8 91
53 16 103 7 92
53 17 105 19 99
53 6 98 10 93
53 5 107 12 114
53 4 105 11 94
53 18 89 24 104
53 1 113 3 120
53 30 100 23 94
54 13 84 27 100
54 22 101 1 112
54 29 109 2 102
54 20 79 9 95
54 19 119 8 103
54 12 89 5 97
54 11 98 14 96
54 29 126 30 121
54 24 115 22 127
54 16 106 3 96
54 4 81 13 96
55 15 99 21 110
55 18 95 25 83
55 23 96 6 110
55 26 110 27 89
55 2 85 28 94
55 7 102 17 80
55 17 99 7 90
55 26 107 19 99
55 14 71 10 80
55 15 113 12 105
55 13 89 11 107
56 24 131 1 106
56 23 98 16 102
56 30 117 25 108
56 22 127 3 99
56 28 69 6 89
56 4 95 27 93
56 11 82 26 93
56 15 80 10 105
56 19 94 29 108
56 12 79 24 122
56 14 98 1 110
57 8 93 30 102
57 5 103 16 95
57 27 92 9 89
57 4 92 20 99
57 2 100 21 115
57 25 94 23 98
57 13 76 17 111
57 6 109 12 99
57 22 94 18 86
57 14 91 26 110
57 18 76 10 78
58 28 92 29 106
58 3 118 11 128
58 1 113 24 126
58 27 86 16 92
58 5 98 15 75
58 2 80 4 96
58 20 98 13 91
58 23 113 21 118
58 7 103 25 100
58 22 105 17 103
58 6 81 19 104
59 7 84 30 123
59 28 101 9 99
59 8 90 23 89
59 22 93 26 103
59 10 90 29 129
59 19 102 5 98
59 8 100 12 99
59 25 101 24 126
59 14 87 18 89
59 4 92 15 84
59 3 106 20 113
60 27 91 13 86
60 1 113 21 111
60 2 85 6 99
60 20 71 10 76
60 13 83 16 101
60 11 86 9 101
60 17 96 23 103
60 7 73 28 108
60 15 100 26 112
60 18 96 19 84
60 22 98 29 108
61 17 117 12 115
61 8 111 24 114
61 1 99 2 87
61 5 106 4 109
61 14 106 3 99
61 30 120 21 100
61 9 95 6 101
61 11 110 27 114
61 12 98 30 102
61 3 94 16 103
61 13 74 4 99
62 15 84 22 92
62 8 99 28 90
62 16 109 5 90
62 29 103 11 95
62 19 113 24 111
62 27 104 14 91
62 17 98 2 92
62 9 109 18 102
62 7 102 26 113
62 23 94 29 99
62 5 94 1 99
63 8 98 15 110
63 12 93 4 85
63 22 92 20 100
63 11 69 13 89
63 17 98 21 106
63 10 86 6 95
63 25 102 27 119
63 30 94 28 89
63 20 82 14 103
63 19 118 2 123
63 12 69 16 99
64 9 115 3 100
64 23 99 26 105
64 1 93 8 87
64 27 127 7 122
64 25 90 29 101
64 5 93 18 72
64 30 103 4 108
64 15 94 13 103
64 19 93 21 99
64 24 100 28 110
64 13 85 26 91
65 10 104 12 86
65 1 101 11 114
65 21 87 24 106
65 25 99 14 94
65 22 74 16 85
65 23 88 9 95
65 29 106 15 90
65 5 108 3 93
65 30 105 6 85
65 27 120 17 116
65 18 83 8 75
66 2 80 20 92
66 30 100 7 102
66 13 84 29 97
66 15 94 5 100
66 26 100 4 115
66 3 97 22 104
66 16 102 21 101
66 9 82 27 75
66 10 92 17 88
66 18 91 11 108
66 8 108 20 97
67 12 98 13 105
67 28 102 23 103
67 24 121 25 96
67 17 96 26 105
67 12 100 8 104
67 5 114 24 128
67 19 90 1 101
67 11 109 14 114
67 2 105 9 113
67 18 101 15 102
67 22 102 4 91
68 3 103 6 110
68 7 109 27 93
68 16 100 28 90
68 17 87 10 94
68 30 94 29 105
68 21 87 23 108
68 5 101 25 78
68 24 116 26 124
68 13 96 8 107
68 20 88 7 92
68 12 88 11 98
69 9 111 1 117
69 29 99 14 103
69 16 89 15 90
69 4 116 22 113
69 2 97 3 103
69 28 93 21 100
69 18 85 6 98
69 30 107 27 123
69 23 101 5 111
69 8 93 9 96
69 19 107 4 72
70 24 106 20 92
70 10 81 13 89
70 25 90 28 102
70 7 77 17 114
70 14 103 10 102
70 2 105 29 120
70 15 112 11 101
70 23 109 1 98
70 26 88 16 94
70 30 108 22 131
70 19 98 3 97
71 21 83 25 85
71 6 82 27 87
71 30 115 5 98
71 22 124 12 114
71 6 95 14 93
71 20 95 18 109
71 7 97 9 103
71 26 117 15 105
71 28 100 4 96
71 24 89 13 84
71 3 80 17 96
72 25 86 19 104
72 11 106 10 78
72 12 106 2 96
72 7 86 16 95
72 1 127 21 118
72 26 88 8 89
72 18 93 29 113
72 28 82 5 87
72 6 104 11 87
72 1 95 30 110
72 25 103 9 111
73 24 94 15 91
73 14 106 4 93
73 16 89 22 105
73 20 83 3 89
73 2 86 23 102
73 17 93 27 95
73 29 98 19 113
73 6 115 30 119
73 5 89 22 104
73 27 105 26 80
73 1 100 5 111
74 19 91 11 100
74 6 99 24 110
74 7 114 2 105
74 12 81 9 89
74 21 109 15 111
74 18 111 20 87
74 4 84 3 95
74 14 106 13 95
74 8 101 25 109
74 23 76 28 92
74 29 127 17 89
75 21 107 19 112
75 22 110 10 103
75 27 76 1 98
75 25 99 30 126
75 4 105 18 91
75 10 81 5 92
75 17 89 11 106
75 24 98 14 104
75 8 111 2 118
75 26 97 9 86
75 29 101 20 83
76 12 94 22 119
76 13 98 3 103
76 16 98 23 92
76 9 71 19 87
76 7 110 12 82
76 15 102 1 113
76 16 90 30 87
76 13 108 18 119
76 27 97 4 100
76 8 115 21 110
76 6 81 28 90
77 27 92 5 99
77 29 102 11 93
77 14 92 22 105
77 24 114 17 107
77 5 87 26 104
77 20 94 8 115
77 10 98 19 86
77 21 110 12 96
77 30 105 1 110
77 13 88 9 104
77 17 77 15 97
78 7 96 4 102
78 18 93 3 90
78 6 95 23 111
78 16 90 25 102
78 2 100 28 97
78 24 99 29 110
78 22 113 21 117
78 3 88 26 95
78 10 98 8 106
78 15 89 19 96
78 28 104 12 82
79 20 121 11 115
79 7 98 1 102
79 29 86 14 93
79 9 93 2 101
79 30 97 16 79
79 18 102 4 104
79 17 81 13 89
79 22 112 23 115
79 6 107 25 96
79 24 113 27 89
79 7 104 5 94
80 26 93 18 91
80 16 101 15 97
80 27 98 20 103
80 6 101 21 74
80 9 75 28 82
80 11 95 17 99
80 24 106 8 101
80 30 96 19 86
80 4 99 12 92
80 29 103 1 105
80 13 74 14 94
81 22 108 2 101
81 10 98 3 83
81 23 110 25 99
81 24 108 7 110
81 4 93 5 102
81 21 98 18 115
81 30 110 15 105
81 27 114 13 103
81 1 96 26 104
81 17 92 19 97
81 2 103 10 104
82 8 79 29 110
82 9 95 12 106
82 28 93 16 82
82 25 124 20 86
82 28 84 8 85
82 10 115 7 91
82 9 93 24 102
82 16 102 1 100
82 20 82 14 105
82 23 98 30 93
82 2 94 18 100
83 12 100 15 85
83 11 85 4 88
83 13 118 22 123
83 21 105 3 100
83 25 85 6 112
83 29 120 27 112
83 22 105 19 108
83 5 75 23 94
83 29 97 26 106
83 21 108 7 100
83 27 94 10 103
84 5 89 24 104
84 11 93 1 103
84 19 84 14 98
84 2 90 16 97
84 8 104 4 98
84 25 114 3 119
84 28 89 13 83
84 12 111 6 120
84 18 97 17 99
84 21 79 29 89
84 1 114 12 100
85 25 109 18 114
85 17 85 9 91
85 23 113 15 121
85 16 89 4 95
85 14 92 20 86
85 26 84 13 92
85 28 95 7 88
85 10 108 11 101
85 30 98 24 106
85 5 100 2 93
85 27 104 22 108
86 8 98 3 103
86 19 105 6 116
86 25 105 26 130
86 16 101 19 91
86 17 95 10 69
86 20 78 12 106
86 15 76 30 89
86 8 100 18 90
86 4 114 9 103
86 24 98 21 80
86 4 111 7 91
87 29 127 5 94
87 3 86 14 118
87 11 85 2 93
87 27 107 6 117
87 20 82 28 87
87 16 92 8 95
87 25 113 10 106
87 26 102 12 115
87 11 98 24 105
87 7 98 18 104
87 3 91 9 97
88 30 120 22 108
88 19 104 13 95
88 15 97 21 106
88 1 100 23 105
88 9 103 14 109
88 20 101 2 94
88 29 128 6 125
88 1 91 28 109
88 16 87 17 107
88 3 88 8 95
88 19 91 10 101
89 30 99 5 129
89 24 103 12 114
89 15 99 22 113
89 25 107 13 114
89 26 96 21 87
89 11 99 23 118
89 18 92 27 102
89 20 94 24 125
89 8 93 14 89
89 9 83 16 96
89 7 94 13 87
90 11 85 28 88
90 25 97 17 113
90 1 100 30 98
90 26 91 2 86
90 12 118 4 111
90 19 100 22 109
90 29 123 3 108
90 20 89 21 102
90 15 97 6 123
90 23 113 27 97
90 13 89 8 108
91 22 115 5 119
91 2 105 24 108
91 27 117 14 98
91 12 81 16 92
91 29 92 18 106
91 7 122 15 106
91 26 110 25 103
91 10 66 28 94
91 23 97 17 105
91 16 95 11 105
91 3 94 1 107
92 10 92 30 99
92 9 84 4 85
92 6 100 20 104
92 14 86 19 103
92 7 92 29 117
92 3 102 5 107
92 26 95 24 114
92 23 104 18 108
92 6 114 9 103
92 8 118 22 122
92 11 83 13 94
93 30 116 25 105
93 15 100 27 105
93 17 88 28 84
93 12 108 1 118
93 28 80 2 73
93 15 95 20 92
93 4 72 21 74
93 9 127 7 129
93 27 92 19 108
93 14 92 29 95
93 16 112 5 101
94 4 96 24 112
94 17 99 30 113
94 12 91 18 108
94 26 115 22 123
94 23 104 3 111
94 20 81 13 97
94 10 91 25 101
94 8 89 6 101
94 19 91 11 107
94 28 91 24 106
94 21 117 1 102
95 7 123 14 111
95 23 86 16 97
95 6 114 26 95
95 11 105 8 97
95 4 100 30 107
95 13 87 2 101
95 29 108 9 90
95 10 109 15 98
95 18 75 22 93
95 12 119 3 100
95 5 92 21 98
96 17 86 25 109
96 20 89 27 106
96 8 110 7 91
96 10 86 19 98
96 17 76 24 107
96 1 110 14 100
96 16 103 20 82
96 15 106 28 104
96 6 94 5 101
96 27 104 11 108
96 18 88 9 89
97 2 117 22 127
97 24 122 23 108
97 13 106 25 107
97 18 93 8 86
97 7 91 10 88
97 13 99 12 85
97 29 111 16 89
97 2 101 15 99
97 1 95 4 93
97 30 111 20 80
97 26 95 3 83
98 25 108 21 99
98 22 91 6 130
98 19 116 27 103
98 23 92 28 89
98 14 103 17 101
98 14 107 9 111
98 18 86 26 99
98 29 98 7 106
98 28 91 12 107
98 15 110 1 120
98 24 107 16 84
99 25 88 4 102
99 8 96 20 92
99 11 111 3 97
99 30 119 13 98
99 23 87 21 81
99 5 76 6 94
99 2 83 27 94
99 10 107 17 110
99 20 80 19 111
99 26 100 10 115
99 24 108 9 95
100 12 114 23 120
100 22 89 28 94
100 30 119 8 106
100 2 99 7 107
100 13 86 29 87
100 5 99 14 104
100 11 102 18 109
100 15 88 4 110
100 22 109 21 97
100 16 89 6 103
100 1 99 17 91
101 9 88 26 101
101 8 116 10 104
101 25 83 16 97
101 28 104 15 84
101 2 113 13 111
101 21 86 23 109
101 1 96 27 99
101 14 106 7 111
101 26 95 11 105
101 24 110 30 106
101 6 95 18 81
102 14 87 8 100
102 11 78 10 102
102 25 111 1 115
102 4 113 2 92
102 19 91 9 95
102 27 113 15 99
102 7 100 20 98
102 5 135 22 131
102 6 103 3 91
102 30 126 23 122
102 12 84 28 98
103 13 93 17 106
103 18 88 29 114
103 1 108 5 101
103 21 106 24 107
103 9 110 8 101
103 27 109 7 114
103 11 82 19 88
103 10 74 14 93
103 23 107 2 77
103 22 92 16 100
103 3 97 15 84
104 4 101 25 95
104 12 93 6 123
104 20 87 17 101
104 7 99 26 131
104 13 91 10 92
104 24 123 5 110
104 30 107 12 92
104 18 98 11 99
104 17 92 16 83
104 3 97 9 90
104 28 85 21 87
105 4 90 23 99
105 8 117 27 116
105 19 94 29 99
105 18 89 14 112
105 30 106 2 78
105 13 91 20 101
105 1 115 22 112
105 28 101 25 95
105 24 92 6 107
105 23 96 7 106
105 21 69 26 96
106 2 100 30 105
106 10 100 18 105
106 24 100 4 103
106 6 113 22 88
106 15 111 25 116
106 26 114 7 111
106 27 92 10 74
106 21 104 5 107
106 2 101 12 119
106 8 113 11 103
106 4 74 16 110
107 29 104 9 99
107 14 102 20 86
107 19 103 3 105
107 17 119 13 90
107 15 91 23 116
107 1 98 6 110
107 25 91 28 103
107 23 105 24 116
107 19 89 18 78
107 10 80 26 104
107 17 80 7 117
108 8 99 29 90
108 5 144 12 143
108 14 107 11 103
108 6 104 1 103
108 15 98 2 106
108 21 75 4 90
108 9 99 20 91
108 25 103 22 116
108 27 101 3 99
108 16 89 28 88
108 13 107 19 114
109 15 101 24 110
109 16 86 30 94
109 27 107 18 104
109 20 80 3 79
109 28 111 23 105
109 29 78 8 117
109 25 111 12 122
109 10 77 11 116
109 4 114 1 121
109 22 104 14 116
109 5 120 2 106
110 7 73 9 96
110 21 91 6 107
110 26 99 17 108
110 20 112 26 108
110 19 113 7 86
110 1 100 10 90
110 11 97 29 109
110 16 107 24 111
110 12 103 30 110
110 3 93 18 100
110 4 100 15 88
111 23 90 22 101
111 9 107 13 97
111 2 92 25 102
111 5 92 28 109
111 27 93 8 95
111 17 95 14 99
111 30 112 21 101
111 3 88 7 101
111 26 85 19 91
111 17 108 29 113
111 23 98 5 114
112 12 126 24 133
112 28 91 1 117
112 25 122 2 99
112 14 83 16 95
112 8 105 9 100
112 22 138 15 113
112 6 103 4 108
112 11 112 20 90
112 18 105 13 101
112 10 87 27 92
