801 1 2 4 1
802 17 6 12 2
803 20 5 2 4
804 18 3 16 2
805 21 2 28 1
806 27 2 24 1
807 11 4 15 1
808 7 5 22 4
809 9 5 5 4
810 29 3 2 2
811 12 2 30 1
812 26 4 1 3
813 11 5 19 4
814 21 6 16 3
815 24 2 17 1
816 18 3 27 1
817 20 6 25 3
818 31 5 8 3
819 13 4 4 3
820 22 3 10 1
821 23 2 17 0
822 5 4 28 2
823 7 5 3 2
824 19 7 26 2
825 29 6 13 3
826 27 5 15 4
827 1 2 2 1
828 18 3 10 1
829 20 5 28 1
830 24 6 30 3
831 25 4 23 1
832 31 3 9 1
833 8 3 7 2
834 22 2 11 1
835 21 2 17 1
836 33 2 14 1
837 9 5 12 3
838 16 5 5 2
839 20 6 32 5
840 1 2 15 0
841 30 6 19 3
842 27 5 26 4
843 25 5 28 2
844 8 4 3 3
845 7 3 24 2
846 31 3 16 2
847 13 5 4 2
848 29 4 30 1
849 9 3 11 1
850 10 2 14 1
851 17 3 2 2
852 18 5 5 1
853 23 4 21 1
854 19 4 1 2
855 15 3 22 2
856 24 3 8 2
857 16 4 12 1
858 31 4 25 1
859 26 4 3 3
860 14 3 4 2
861 13 2 11 1
862 29 5 18 2
863 7 5 20 4
864 9 5 27 1
865 17 3 1 2
866 5 5 23 2
867 10 4 7 2
868 30 2 2 1
869 21 5 3 1
870 25 4 22 1
871 24 4 26 0
872 12 6 8 3
873 20 3 14 1
874 9 3 32 2
875 33 3 18 2
876 10 3 30 1
877 12 2 26 1
878 19 4 17 1
879 2 4 27 3
880 1 3 13 1
881 11 4 21 2
882 15 7 23 6
883 16 4 28 2
884 31 2 5 1
885 33 3 9 2
886 3 6 22 2
887 7 4 32 0
888 11 5 17 1
889 18 2 14 1
890 25 5 16 4
891 20 4 13 3
892 24 6 23 2
893 10 3 28 0
894 12 4 15 3
895 29 5 28 1
896 20 1 8 0
897 7 2 3 1
898 30 4 4 1
899 14 4 13 2
900 26 2 24 1
901 1 5 21 2