801 1 2 4 1
802 17 6 12 2
803 20 5 2 4
804 18 3 16 2
805 21 2 28 1
806 27 2 24 1
807 11 4 15 1
808 7 5 22 4
809 9 5 5 4
810 29 3 2 2
811 12 2 30 1
812 26 4 1 3
813 11 5 19 4
814 21 6 16 3
815 24 2 17 1
816 18 3 27 1
817 20 6 25 3
818 31 5 8 3
819 13 4 4 3
820 22 3 10 1
821 23 2 17 0
822 5 4 28 2
823 7 5 3 2
824 19 7 26 2
825 29 6 13 3
826 27 5 15 4
827 1 2 2 1
828 18 3 10 1
829 20 5 28 1
830 24 6 30 3
831 25 4 23 1
832 31 3 9 1
833 8 3 7 2
834 22 2 11 1
835 21 2 17 1
836 33 2 14 1
837 9 5 12 3
838 16 5 5 2
839 20 6 32 5
840 1 2 15 0
841 30 6 19 3
842 27 5 26 4
843 25 5 28 2
844 8 4 3 3
845 7 3 24 2
846 31 3 16 2
847 13 5 4 2
848 29 4 30 1
849 9 3 11 1
850 10 2 14 1
851 17 3 2 2
852 18 5 5 1
853 23 4 21 1
854 19 4 1 2
855 15 3 22 2
856 24 3 8 2
857 16 4 12 1
858 31 4 25 1
859 26 4 3 3
860 14 3 4 2
861 13 2 11 1
862 29 5 18 2
863 7 5 20 4
864 9 5 27 1
865 17 3 1 2
866 5 5 23 2
867 10 4 7 2
868 30 2 2 1
869 21 5 3 1
870 25 4 22 1
871 24 4 26 0
872 12 6 8 3
873 20 3 14 1
874 9 3 32 2
875 33 3 18 2
876 10 3 30 1
877 12 2 26 1
878 19 4 17 1
879 2 4 27 3
880 1 3 13 1
881 11 4 21 2
882 15 7 23 6
883 16 4 28 2
884 31 2 5 1
885 33 3 9 2
886 3 6 22 2
887 7 4 32 0
888 11 5 17 1
889 18 2 14 1
890 25 5 16 4
891 20 4 13 3
892 24 6 23 2
893 10 3 28 0
894 12 4 15 3
895 29 5 28 1
896 20 1 8 0
897 7 2 3 1
898 30 4 4 1
899 14 4 13 2
900 26 2 24 1
901 1 5 21 2
902 18 5 25 2
903 27 4 23 2
904 22 3 17 2
905 31 1 15 0
906 8 3 10 1
907 11 4 9 3
908 19 3 12 0
909 20 4 28 3
910 14 6 7 3
911 1 5 13 2
912 22 3 17 0
913 2 3 4 2
914 21 2 27 1
915 24 4 18 2
916 15 3 5 2
917 19 1 6 0
918 3 3 10 2
919 29 2 8 1
920 30 3 9 0
921 16 4 22 0
922 25 5 23 4
923 12 4 6 2
924 15 4 18 3
925 17 5 14 3
926 30 5 32 3
927 10 2 13 0
928 3 4 28 1
929 1 4 2 0
930 33 4 20 2
931 24 3 25 1
932 21 2 26 1
933 19 4 5 2
934 27 5 6 2
935 17 4 16 3
936 11 5 13 3
937 9 4 2 0
938 12 3 23 1
939 7 6 21 5
940 20 4 18 1
941 22 5 30 2
942 5 4 1 0
943 10 3 18 1
944 8 3 4 2
945 9 5 13 3
946 16 3 14 0
947 2 3 17 2
948 24 3 19 2
949 23 3 32 2
950 12 4 28 1
951 31 5 26 2
952 5 6 7 2
953 19 3 27 1
954 15 2 20 1
955 12 3 1 1
956 25 3 11 1
957 24 2 9 1
958 8 4 3 3
959 33 3 21 1
960 23 4 17 3
961 16 4 2 2
962 29 4 18 3
963 28 3 7 2
964 31 4 1 3
965 13 3 10 2
966 24 3 30 1
967 19 3 14 2
968 8 5 15 2
969 22 2 26 1
970 11 5 12 2
971 3 3 4 2
972 9 6 14 1
973 27 3 18 1
974 1 2 28 0
975 21 6 2 1
976 25 4 13 0
977 16 5 23 4
978 17 4 32 3
979 7 3 5 2
980 11 1 6 0
981 3 5 15 3
982 30 7 26 4
983 10 5 4 2
984 25 3 24 2
985 19 5 8 4
986 20 1 22 0
987 15 5 26 2
988 29 4 2 3
989 18 2 28 1
990 7 2 12 1
991 5 2 11 1
992 13 4 30 3
993 23 2 4 1
994 20 2 32 1
995 16 1 1 0
996 3 3 19 1
997 21 5 27 4
998 24 6 10 2
999 31 5 25 2
1000 2 4 14 3
1001 20 3 9 1
1002 8 6 12 3
1003 11 6 26 4
1004 23 5 30 3
1005 3 3 16 2
1006 17 4 27 2
1007 13 3 15 1
1008 19 5 1 2
1009 21 1 4 0
1010 25 2 10 1
1011 22 2 28 1
1012 31 4 7 0
1013 5 2 18 0
1014 23 4 9 2
1015 19 2 32 1
1016 13 5 26 4
1017 12 2 24 1
1018 8 6 2 3
1019 33 7 15 2
1020 3 2 11 0
1021 22 6 5 2
1022 20 2 14 0
1023 27 2 16 1
1024 17 2 30 0
1025 7 4 2 1
1026 1 3 32 1
1027 24 3 21 1
1028 10 4 28 1
1029 25 3 8 2
1030 18 2 6 1
1031 15 5 11 1
1032 20 2 17 1
1033 30 3 13 2
1034 21 3 23 0
1035 19 2 4 1
1036 9 2 3 0
1037 12 4 18 2
1038 9 4 14 3
1039 16 4 1 2
1040 26 4 2 1
1041 31 1 28 0
1042 19 2 30 1
1043 10 2 11 0
1044 14 2 3 1
1045 1 3 17 2
1046 27 5 5 2
1047 24 3 18 2
1048 22 4 32 1
1049 21 4 8 0
1050 7 4 4 1
1051 22 1 20 0
1052 13 4 26 3
1053 12 3 6 2
1054 5 4 2 1
1055 17 3 15 1
1056 1 4 30 0
1057 19 6 3 4
1058 27 2 21 1
1059 9 3 24 2
1060 23 2 11 1
1061 8 4 4 1
1062 25 5 28 2
1063 13 6 7 2
1064 10 3 14 1
1065 16 3 15 1
1066 12 3 25 2
1067 24 6 21 3
1068 7 4 6 1
1069 13 3 8 2
1070 27 3 9 0
1071 29 3 10 0
1072 1 2 5 0
1073 17 2 3 1
1074 19 5 2 3
1075 20 3 30 2
1076 18 3 14 0
1077 23 4 22 0
1078 11 3 28 1
1079 26 5 4 4
1080 15 2 21 1
1081 16 5 3 3
1082 20 7 12 2
1083 7 3 28 1
1084 31 3 10 1
1085 22 3 30 1
1086 19 5 5 2
1087 24 2 2 1
1088 23 4 14 3
1089 8 3 25 2
1090 27 4 26 1
1091 21 3 11 2
1092 24 2 32 1
1093 31 4 20 2
1094 13 5 12 3
1095 16 4 17 3
1096 28 5 15 4
1097 18 3 1 2
1098 7 5 27 2
1099 26 4 25 3
1100 33 4 22 1
1101 23 4 8 3
1102 12 3 3 2
1103 31 3 32 2
1104 9 3 10 2
1105 28 4 14 3
1106 30 5 11 2
1107 17 4 2 1
1108 18 3 16 2
1109 20 5 19 1
1110 5 6 15 4
1111 27 5 1 2
1112 25 4 7 1
1113 24 4 8 2
1114 13 5 22 2
1115 26 4 23 0
1116 18 4 9 3
1117 11 3 28 2
1118 3 4 20 2
1119 5 3 4 2
1120 12 3 32 2
1121 15 4 16 0
1122 30 3 10 1
1123 2 4 19 3
1124 1 3 17 2
1125 24 4 6 1
1126 13 4 21 2
1127 25 5 14 3
1128 23 4 7 3
1129 9 5 20 2
1130 29 5 15 4
1131 17 4 19 2
1132 3 2 30 1
1133 8 5 18 2
1134 12 2 10 1
1135 22 4 27 3
1136 11 3 5 2
1137 16 5 1 3
1138 7 4 21 1
1139 22 4 6 1
1140 8 5 23 3
1141 26 4 25 1
1142 14 4 28 1
1143 3 3 17 2
1144 9 4 30 2
1145 13 3 10 2
1146 2 3 16 1
1147 19 2 15 1
1148 20 3 27 2
1149 7 5 18 4
1150 14 4 2 3
1151 33 4 11 1
1152 12 5 26 1
1153 5 5 25 1
1154 13 4 32 3
1155 3 3 15 2
1156 9 5 1 4
1157 17 6 30 1
1158 19 2 16 1
1159 20 3 24 2
1160 21 4 8 1
1161 22 3 7 1
1162 31 8 26 2
1163 10 3 1 2
1164 22 4 14 3
1165 21 7 23 5
1166 5 3 28 1
1167 25 4 12 2
1168 30 3 4 2
1169 13 5 11 3
1170 27 5 7 4
1171 15 3 24 2
1172 16 4 17 0
1173 19 4 9 3
1174 29 3 14 0
1175 20 6 10 1
1176 3 2 2 1
1177 23 4 18 3
1178 28 5 5 3
1179 31 3 25 1
1180 8 4 26 0
1181 33 4 11 1
1182 1 4 17 1
1183 9 2 15 1
1184 21 2 22 1
1185 2 3 19 2
1186 14 4 30 3
1187 20 4 13 3
1188 27 2 24 0
1189 7 2 6 1
1190 23 5 5 1
1191 20 4 10 2
1192 33 5 32 4
1193 15 3 30 2
1194 19 4 11 3
1195 27 1 21 0
1196 24 2 22 1
1197 8 3 28 2
1198 25 3 18 2
1199 26 4 6 2
1200 13 5 2 0
1201 9 3 3 0
1202 23 4 12 0
1203 19 3 20 0
1204 30 3 4 1
1205 16 4 10 3
1206 1 4 15 3
1207 17 4 3 2
1208 21 2 22 1
1209 24 4 18 2
1210 8 3 6 1
1211 25 1 27 0
1212 5 3 26 1
1213 7 5 28 0
1214 29 3 11 1
1215 13 4 14 2
1216 19 3 4 1
1217 20 4 9 2
1218 21 4 24 2
1219 27 5 8 1
1220 31 4 5 1
1221 15 2 30 0
1222 1 4 2 3
1223 13 5 32 4
1224 17 3 10 2
1225 11 2 14 0
1226 16 3 3 2
1227 23 4 18 1
1228 12 2 28 1
1229 25 3 22 2
1230 7 6 26 5
1231 1 4 19 3
1232 29 4 9 1
1233 22 4 18 3
1234 8 2 7 1
1235 20 2 11 1
1236 15 3 16 2
1237 24 4 21 2
1238 12 4 27 2
1239 1 3 19 2
1240 9 4 32 3
1241 18 6 22 2
1242 7 4 8 1
1243 16 5 15 1
1244 21 4 24 1
1245 11 4 20 3
1246 12 2 27 1
1247 29 2 9 1
1248 22 4 18 2
1249 1 2 19 1
1250 8 4 7 2
1251 20 2 11 1
1252 24 3 21 0
1253 12 5 27 4
1254 15 3 16 0
1255 9 2 32 1
1256 22 3 18 2
1257 8 3 7 1
1258 19 1 1 0
1259 20 2 11 1
1260 21 6 24 1
1261 12 5 27 2
1262 16 3 15 2
1263 9 5 32 1
1264 18 5 22 2
1265 7 2 8 1
1266 19 5 1 1
1267 20 2 11 1
1268 24 4 21 1
1269 29 3 9 1
1270 15 4 16 0
1271 22 4 18 3
1272 8 7 7 4
1273 24 4 21 1
1274 1 2 19 0
1275 16 5 15 2
1276 9 2 32 1
1277 16 2 15 0
1278 9 2 20 1
1279 12 6 8 1
1280 16 2 1 1
1281 22 4 24 3
1282 20 3 9 2
1283 16 6 1 2
1284 22 4 24 1
1285 12 3 8 0
1286 9 1 20 0
1287 22 1 24 0
1288 8 4 12 3
1289 16 2 1 1
1290 9 2 20 1
1291 1 6 16 2
1292 22 4 24 3
1293 12 4 8 2
1294 20 2 9 1
1295 1 2 16 1
1296 20 4 9 3
1297 12 3 8 2
1298 16 4 1 1
1299 20 2 9 1
1300 20 2 16 1
1301 12 4 22 1
1302 16 6 20 2
1303 22 3 12 2
1304 16 6 20 5
1305 12 2 22 1
1306 20 5 16 1
1307 22 5 12 4
1308 16 2 20 0
1309 12 5 22 4
1310 20 7 16 3
1311 22 5 12 2
1312 16 2 20 0
1313 22 5 12 3
1314 22 2 16 1
1315 16 4 22 3
1316 16 3 22 2
1317 22 2 16 1
1318 22 2 16 1
1319 22 2 16 0
