151 15 1 10 0
152 17 1 6 0
153 3 1 12 3
154 14 0 10 2
155 5 1 19 0
156 6 3 13 0
157 16 0 9 2
158 18 1 3 2
159 2 3 7 1
160 8 0 1 1
161 19 2 6 0
162 13 3 4 1
163 10 3 16 0
164 11 0 8 1
165 1 1 5 0
166 17 1 14 2
167 7 1 18 0
168 4 1 14 0
169 19 1 7 2
170 6 0 15 4
171 5 1 11 2
172 20 3 9 1
173 2 3 16 1
174 18 0 13 2
175 12 3 1 0
176 3 1 17 3
177 14 0 12 1
178 16 2 20 0
179 2 1 17 0
180 11 2 3 3
181 1 0 4 2
182 9 3 18 2
183 6 2 16 1
184 5 3 10 0
185 19 0 9 1
186 8 2 20 0
187 4 0 2 2
188 18 0 15 1
189 17 0 1 2
190 10 1 4 0
191 16 2 8 1
192 7 1 17 0
193 2 1 19 0
194 9 0 6 1
195 13 1 12 0
196 15 2 3 0
197 1 4 11 2
198 3 0 7 2
199 6 3 1 0
200 5 0 9 2
201 19 3 16 1
202 8 0 2 1
203 11 2 14 1
204 4 2 15 4
205 18 3 20 1
206 12 3 10 2
207 17 0 13 1
208 16 0 12 2
209 17 3 11 1
210 14 1 5 0
211 20 0 2 1
212 7 1 6 2
213 13 0 19 1
214 1 5 3 0
215 10 1 18 0
216 12 2 17 1
217 6 2 11 0
218 5 1 3 0
219 20 2 13 4
220 16 3 14 0
221 19 0 4 2
222 8 2 9 0
223 2 2 15 1
224 18 1 1 2
225 14 0 6 2
226 4 3 16 0
227 9 3 15 2
228 13 2 2 0
229 18 0 12 2
230 17 2 5 1
231 3 3 8 0
232 10 1 20 0
233 12 4 15 2
234 16 0 3 1
235 6 0 18 2
236 5 1 12 3
237 20 1 17 2
238 19 2 10 1
239 9 2 1 0
240 15 1 13 0
241 8 1 4 2
242 2 2 11 0
243 12 3 6 1
244 11 2 16 4
245 13 4 9 2
246 1 0 7 4
247 17 2 8 1
248 3 3 19 5
249 4 1 20 0
250 10 0 2 2
251 6 1 3 2
252 20 2 1 1
253 16 0 18 1
254 19 0 12 1
255 8 1 5 2
256 2 1 14 0
257 4 3 11 0
258 15 0 7 2
259 12 2 4 0
260 14 0 19 3
261 5 1 15 0
262 11 0 9 2
263 1 2 16 1
264 17 2 10 0
265 3 4 20 0
266 18 1 2 3
267 20 4 12 1
268 16 0 17 1
269 15 2 1 0
270 10 5 11 3
271 4 1 7 0
272 2 1 6 0
273 19 3 18 4
274 13 3 5 0
275 7 4 9 1
276 6 2 4 1
277 14 1 20 2
278 5 0 16 1
279 11 0 19 1
280 12 0 2 1
281 1 2 13 5
282 18 4 8 2
283 20 2 6 1
284 16 2 7 1
285 8 1 12 0
286 2 3 5 0
287 9 1 14 0
288 4 2 18 1
289 13 5 3 1
290 15 2 11 0