20 150
1 1 0 2 1
2 3 2 4 1
3 5 2 6 1
4 7 2 8 0
5 9 2 10 1
6 11 0 12 2
7 13 3 14 0
8 17 2 18 0
9 19 2 20 1
10 16 2 13 4
11 2 4 9 1
12 6 2 17 0
13 20 0 7 3
14 8 2 19 5
15 4 3 5 1
16 12 3 3 0
17 18 1 11 4
18 10 3 15 1
19 13 2 6 0
20 9 3 16 0
21 11 2 20 0
22 1 0 8 3
23 3 2 18 0
24 15 1 12 3
25 16 2 10 1
26 6 0 19 2
27 14 1 17 2
28 2 2 3 1
29 4 1 13 2
30 12 2 9 0
31 18 0 7 7
32 10 1 8 0
33 16 1 2 2
34 9 3 20 1
35 15 4 6 3
36 1 0 12 2
37 7 2 19 1
38 8 0 13 2
39 4 1 1 0
40 6 2 10 0
41 20 2 16 0
42 12 5 14 0
43 17 0 2 1
44 3 2 11 1
45 14 1 3 4
46 13 4 11 0
47 15 3 18 1
48 10 2 5 0
49 2 3 4 2
50 16 0 6 1
51 7 0 12 3
52 12 2 13 0
53 5 2 20 1
54 4 1 10 0
55 6 2 9 1
56 19 4 2 2
57 8 2 16 1
58 11 1 1 2
59 18 2 14 1
60 3 3 15 2
61 7 4 3 2
62 1 1 6 0
63 14 1 11 0
64 16 1 19 2
65 2 2 8 0
66 9 2 5 0
67 13 2 17 0
68 15 3 4 2
69 10 0 12 1
70 5 0 14 3
71 19 1 13 2
72 8 1 15 0
73 2 4 20 0
74 18 1 10 2
75 3 2 1 0
76 12 1 16 0
77 4 0 19 2
78 13 2 20 1
79 15 0 2 1
80 9 0 8 2
81 11 1 6 0
82 1 3 18 4
83 10 0 7 3
84 3 2 5 1
85 20 1 10 0
86 7 2 11 0
87 6 2 14 1
88 5 2 17 1
89 8 2 3 0
90 19 2 1 1
91 2 3 13 0
92 13 0 15 1
93 3 0 16 1
94 11 0 2 2
95 18 2 6 0
96 17 4 20 1
97 10 1 19 0
98 20 1 4 3
99 16 3 11 0
100 2 1 10 0
101 19 4 3 3
102 9 2 13 4
103 14 0 2 2
104 5 2 8 1
105 12 2 19 1
106 1 2 20 0
107 18 0 16 1
108 17 1 9 0
109 3 2 6 1
110 16 0 1 1
111 19 3 14 0
112 2 4 18 0
113 9 2 11 0
114 13 4 7 2
115 10 0 17 2
116 11 1 10 2
117 6 1 2 4
118 14 1 8 0
119 7 1 4 0
120 12 4 20 0
121 18 0 19 1
122 17 4 16 1
123 3 4 9 1
124 19 1 11 0
125 2 3 12 0
126 20 2 14 0
127 8 2 18 0
128 9 1 7 0
129 4 3 6 0
130 13 2 1 0
131 15 3 17 1
132 10 1 3 3
133 11 0 15 3
134 6 2 20 1
135 5 1 2 4
136 12 4 8 0
137 18 4 4 3
138 3 0 13 3
139 1 3 10 0
140 2 4 1 2
141 12 3 11 0
142 6 1 5 0
143 20 0 19 3
144 16 1 15 2
145 8 1 7 0
146 4 1 3 0
147 18 0 17 2
148 10 2 9 3
149 5 1 4 2
150 11 3 18 1
