151 15 1 10 0
152 17 1 6 0
153 3 1 12 3
154 14 0 10 2
155 5 1 19 0
156 6 3 13 0
157 16 0 9 2
158 18 1 3 2
159 2 3 7 1
160 8 0 1 1
161 19 2 6 0
162 13 3 4 1
163 10 3 16 0
164 11 0 8 1
165 1 1 5 0
166 17 1 14 2
167 7 1 18 0
168 4 1 14 0
169 19 1 7 2
170 6 0 15 4
171 5 1 11 2
172 20 3 9 1
173 2 3 16 1
174 18 0 13 2
175 12 3 1 0
176 3 1 17 3
177 14 0 12 1
178 16 2 20 0
179 2 1 17 0
180 11 2 3 3
181 1 0 4 2
182 9 3 18 2
183 6 2 16 1
184 5 3 10 0
185 19 0 9 1
186 8 2 20 0
187 4 0 2 2
188 18 0 15 1
189 17 0 1 2
190 10 1 4 0
191 16 2 8 1
192 7 1 17 0
193 2 1 19 0
194 9 0 6 1
195 13 1 12 0
196 15 2 3 0
197 1 4 11 2
198 3 0 7 2
199 6 3 1 0
200 5 0 9 2
201 19 3 16 1
202 8 0 2 1
203 11 2 14 1
204 4 2 15 4
205 18 3 20 1
206 12 3 10 2
207 17 0 13 1
208 16 0 12 2
209 17 3 11 1
210 14 1 5 0
211 20 0 2 1
212 7 1 6 2
213 13 0 19 1
214 1 5 3 0
215 10 1 18 0
216 12 2 17 1
217 6 2 11 0
218 5 1 3 0
219 20 2 13 4
220 16 3 14 0
221 19 0 4 2
