18 242
1 1 3 2 1
1 3 0 4 4
1 5 0 6 1
1 7 2 8 0
1 9 6 10 1
1 13 3 14 1
1 15 3 16 2
2 10 0 1 1
2 14 1 15 2
2 18 1 11 5
2 2 3 7 0
2 16 0 13 1
2 6 1 3 0
2 8 4 17 0
2 4 2 5 1
2 4 1 6 0
3 1 2 12 0
3 7 2 17 1
3 9 1 18 0
3 13 4 2 2
3 15 2 8 0
3 3 2 16 1
3 5 0 10 2
3 18 4 5 0
4 7 4 15 1
4 2 4 6 1
4 12 0 3 1
4 17 2 13 0
4 8 2 9 0
4 10 1 4 2
4 16 6 11 2
4 9 0 16 1
4 3 2 14 1
4 1 2 7 0
5 4 6 18 2
5 13 3 8 1
5 15 0 17 1
5 6 0 10 3
5 11 2 2 1
5 2 4 5 1
5 18 0 6 2
5 7 2 3 1
5 15 1 13 4
6 17 0 1 4
6 8 2 11 1
6 1 1 8 0
6 4 5 14 0
6 9 3 15 1
7 13 2 7 0
7 5 0 16 4
7 12 0 18 5
7 2 2 4 0
7 17 4 3 1
8 8 0 5 2
8 11 1 13 2
8 1 4 15 1
8 5 2 17 3
8 4 1 7 0
8 9 1 2 0
9 3 1 8 2
9 1 3 9 2
9 7 1 11 4
9 13 2 3 1
9 15 2 5 0
9 17 1 4 3
9 8 3 6 0
9 14 0 18 3
10 2 4 10 1
10 4 6 16 1
10 5 1 13 0
10 10 1 8 2
10 18 0 2 2
10 9 0 17 2
10 11 1 1 2
10 12 0 14 3
10 3 2 15 1
10 6 3 7 2
11 1 3 3 0
11 11 2 9 3
11 13 5 18 3
11 2 3 12 1
11 17 3 6 1
11 8 2 4 1
11 14 1 16 3
11 15 1 10 0
11 16 0 2 2
12 3 2 11 0
12 5 0 14 1
12 4 0 1 3
12 9 0 13 1
12 18 3 7 1
12 6 2 15 3
12 1 2 5 0
13 13 3 12 0
13 15 1 4 3
13 17 3 16 0
13 7 2 10 0
13 2 1 14 0
13 4 0 13 1
13 10 1 11 2
14 18 0 3 1
14 2 2 17 1
14 16 4 7 2
14 6 0 1 7
14 5 0 9 2
14 14 0 8 3
14 9 3 6 2
14 3 4 5 1
14 1 3 18 1
15 8 3 16 1
15 13 0 10 1
15 17 2 14 0
15 5 1 11 0
15 4 1 9 2
15 14 2 7 1
15 18 2 15 3
16 6 1 13 0
16 2 0 1 2
16 10 1 9 0
16 14 3 13 2
16 12 4 11 0
16 16 1 15 2
16 8 1 7 3
17 18 0 17 3
17 16 1 1 2
17 5 1 4 2
17 3 3 6 1
17 7 3 2 1
17 11 3 18 0
17 13 2 16 1
17 15 2 14 0
17 17 2 8 1
18 1 5 10 0
18 9 1 12 3
18 2 0 13 1
18 10 3 5 0
18 18 0 9 3
18 12 0 1 2
18 6 1 4 5
18 8 3 15 0
18 17 2 7 0
19 16 1 3 4
19 15 2 7 0
19 1 4 14 0
19 5 4 18 2
19 4 4 10 0
19 11 4 16 1
19 13 1 17 2
19 3 0 12 1
19 9 1 8 2
20 14 2 3 4
20 18 3 4 0
20 12 2 5 1
20 16 1 9 2
20 8 3 13 1
20 7 0 1 4
21 1 5 17 1
21 4 3 12 0
21 13 0 15 1
21 6 1 18 0
21 10 2 16 1
21 11 6 8 2
22 2 1 3 2
22 12 0 6 2
22 17 4 11 0
22 8 1 1 6
22 14 0 4 1
22 3 1 17 2
22 1 2 13 1
23 4 1 2 2
23 9 0 7 3
23 11 2 15 4
23 10 1 14 4
23 18 2 12 1
23 14 3 6 1
23 7 0 4 3
23 15 0 1 2
23 2 3 9 0
24 17 3 5 1
24 16 1 18 0
24 13 2 11 3
24 12 2 10 5
24 5 3 15 1
24 9 1 1 3
24 6 1 8 3
24 3 1 13 3
25 10 1 2 0
25 11 3 7 1
25 12 2 16 0
25 17 2 9 0
25 14 3 12 2
25 15 3 3 0
25 16 2 4 3
26 8 2 10 1
26 7 1 6 2
26 2 3 18 1
26 18 2 13 1
26 3 1 1 0
26 4 2 8 1
26 10 2 15 0
26 12 0 2 2
26 16 2 14 0
27 5 3 7 0
27 17 2 10 0
27 1 0 4 3
27 14 2 5 0
27 7 2 18 1
27 15 3 6 0
27 8 4 12 1
27 11 2 3 0
28 13 2 9 1
28 10 2 7 3
28 5 0 1 2
28 4 4 15 2
28 14 4 2 2
28 18 1 8 3
28 6 3 11 1
28 12 1 13 4
28 16 3 17 1
29 1 5 6 2
29 9 2 5 0
29 15 2 12 0
29 3 3 18 1
29 17 0 2 1
29 5 0 3 1
30 4 3 11 2
30 10 0 13 2
30 14 0 17 2
30 18 1 1 4
30 2 3 15 1
30 12 0 7 2
30 16 1 8 2
30 6 2 9 0
30 3 2 10 1
30 1 1 16 0
31 7 3 14 2
31 9 0 4 4
31 11 3 5 1
31 13 2 6 1
31 15 3 18 2
31 17 4 12 1
31 8 3 2 1
