20 272
1 3 0 4 2
1 7 1 8 0
1 9 4 10 0
1 11 2 12 0
1 13 2 14 1
1 15 3 16 0
1 17 0 18 1
1 19 1 20 3
2 6 1 9 3
2 12 2 15 0
2 20 2 5 0
2 10 2 13 1
2 14 2 7 1
2 18 1 19 0
2 8 2 11 1
2 4 4 1 1
3 3 1 12 0
3 5 1 13 2
3 19 2 8 0
3 9 0 14 1
3 1 2 6 1
3 15 0 20 1
3 7 1 18 0
3 11 1 2 2
3 12 2 16 1
3 5 2 9 1
4 8 1 15 0
4 2 2 19 0
4 20 1 4 2
4 18 2 3 1
4 3 0 2 2
4 17 2 5 3
5 11 1 6 0
5 15 1 18 3
5 7 0 10 2
5 4 1 8 0
5 18 1 16 2
6 13 2 17 0
6 6 0 7 2
6 9 3 11 1
6 10 4 15 0
6 7 3 5 0
6 20 2 18 1
6 17 2 9 1
6 19 5 6 1
7 4 3 12 0
7 11 2 10 0
7 16 1 8 0
7 15 0 2 1
7 8 0 20 2
7 10 1 19 0
7 2 2 16 0
7 6 2 15 0
8 13 1 11 3
8 3 4 6 1
8 1 5 9 1
8 20 1 2 2
8 19 2 13 0
8 7 3 17 0
8 4 2 18 1
8 11 3 5 0
9 16 1 10 0
9 12 4 8 1
9 10 1 20 0
9 14 1 16 2
9 17 0 11 1
9 5 1 19 2
9 1 0 7 1
9 2 4 12 0
10 18 3 8 2
10 11 0 7 1
10 12 1 10 0
10 19 2 17 1
10 8 2 6 1
10 20 2 14 3
10 16 0 13 5
10 15 0 5 1
10 3 2 1 0
10 4 2 9 1
11 2 4 8 0
11 17 1 15 3
11 5 2 16 1
11 9 2 19 0
11 14 4 12 2
11 7 2 4 0
11 10 1 3 2
12 12 1 13 0
12 2 3 10 1
12 3 0 11 3
12 20 2 6 1
12 18 1 9 2
12 17 1 20 3
13 5 0 8 4
13 14 0 2 3
13 7 1 16 0
13 11 0 4 1
13 10 0 18 1
13 20 2 1 0
13 19 1 11 0
14 8 3 10 0
14 4 2 13 0
14 18 4 14 0
14 16 5 6 1
14 15 0 7 1
14 12 2 5 0
14 3 4 17 0
14 2 4 9 0
14 7 1 20 0
14 11 2 15 1
14 10 0 4 3
15 5 2 2 0
15 19 0 3 1
15 1 0 8 2
15 13 3 18 1
15 6 0 14 2
15 20 0 11 1
15 8 2 13 0
15 2 5 6 0
15 14 1 10 0
16 12 1 9 3
16 3 1 7 0
16 4 1 17 0
16 1 0 18 1
16 17 1 8 2
16 19 0 4 2
16 11 1 16 2
16 10 1 6 0
17 13 1 2 3
17 3 2 15 1
17 7 2 12 1
17 4 1 15 2
17 10 3 5 1
17 14 4 17 1
17 6 2 13 1
17 18 2 11 0
18 18 1 5 0
18 17 1 2 2
18 3 0 16 1
18 9 2 6 0
18 15 3 12 2
19 5 1 20 2
19 7 1 14 2
19 11 1 8 0
19 18 2 7 0
19 12 1 3 0
19 8 2 19 0
19 10 2 17 0
19 6 0 1 2
19 2 5 11 0
19 14 0 9 2
20 16 0 4 2
20 1 3 10 1
20 3 2 18 0
20 9 3 5 0
20 4 2 20 0
20 20 2 15 1
21 2 2 3 0
21 12 3 19 2
21 14 2 1 4
21 6 1 11 0
21 18 3 15 0
21 10 1 7 0
21 13 2 9 0
22 17 3 13 1
22 19 1 14 2
22 7 2 6 0
22 20 3 12 0
22 15 2 10 1
22 11 1 9 2
22 16 1 12 3
22 2 3 15 0
22 12 0 4 2
23 8 1 16 3
23 14 1 3 0
23 6 1 19 0
23 9 3 17 1
23 4 3 14 2
23 12 0 18 2
23 3 2 5 1
24 19 1 10 0
24 20 1 8 0
24 1 2 17 0
24 11 0 13 3
24 16 2 2 4
24 3 3 8 2
24 5 2 11 0
24 10 0 16 2
25 14 3 15 1
25 13 0 19 2
25 6 2 3 0
25 18 2 4 0
25 17 2 7 3
25 2 2 20 0
25 20 0 10 1
25 12 0 2 3
25 19 0 5 1
25 4 2 6 1
26 16 3 14 2
26 15 2 13 1
26 3 1 9 2
26 7 2 1 0
26 8 1 18 0
26 17 1 19 2
26 5 0 15 1
26 10 2 12 0
27 13 2 16 3
27 6 2 8 0
27 9 2 4 3
27 2 2 18 0
27 8 0 2 1
27 12 2 14 0
27 20 0 13 1
27 11 2 1 1
28 15 2 17 3
28 19 0 9 1
28 18 3 6 1
28 10 0 2 1
28 5 1 4 0
29 7 1 19 0
29 9 1 18 2
29 13 3 12 0
29 20 3 17 1
29 19 1 1 2
29 2 3 14 0
29 16 1 7 2
29 4 3 11 1
30 15 1 9 2
30 1 2 20 3
30 5 2 12 1
30 7 1 15 0
30 10 1 8 2
30 13 0 4 1
30 6 2 16 0
30 11 1 19 0
31 9 1 2 0
31 12 2 17 1
31 3 5 19 1
31 4 1 10 0
31 14 0 6 1
31 15 2 11 6
31 2 1 5 0
32 17 1 4 4
32 5 1 18 2
32 19 1 15 0
32 1 2 16 1
32 10 1 14 0
32 7 2 3 1
32 9 4 12 1
33 8 1 17 0
33 14 1 5 0
33 6 2 10 0
33 18 2 1 0
33 15 0 3 1
33 20 4 9 2
33 2 1 13 2
33 17 2 14 1
34 5 2 10 0
34 19 2 16 0
34 7 1 2 3
34 9 0 8 1
34 1 0 12 2
34 11 1 18 3
34 13 1 6 2
34 15 1 4 2
34 8 1 7 4
34 20 1 19 0
35 10 0 9 1
35 2 4 1 0
35 14 1 13 3
35 6 0 5 3
35 18 3 17 1
35 16 3 15 1
