0.000052
0.000138
0.000304
0.000565
0.000675
0.000888
0.001095
0.001569
0.002132
0.002780
0.003592
0.004491
0.005512
0.006804
0.008164
0.009892
0.011676
0.013777
0.016167
0.018538
0.021307
0.024581
0.027987
0.030911
0.034634
0.038768
0.043162
0.049846
0.052885
0.058283
0.063964
0.070084
0.076650
0.083870
0.090411
0.098817
0.107054
0.114437
0.124177
0.134255
0.144039
0.153260
0.163845
0.175489
0.188110
0.200290
0.212676
0.228032
0.242514
0.256014
0.270243
0.285048
0.302944
0.318889
0.336228
0.354898
0.372688
0.392419
0.412666
0.446142
0.460129
0.480104
0.504582
0.527891
0.552409
0.578730
0.603982
0.630305
0.657023
0.687923
0.716866
0.748889
0.776696
0.810484
0.842703
0.875488
0.911208
0.945848
0.981705
1.019132
1.055590
1.094674
1.136216
1.176896
1.219145
1.262260
1.305741
1.352059
1.387451
1.433360
1.489695
1.536504
1.579799
1.655906
1.712269
1.748655
1.759035
1.818329
1.872256
1.929628
