0.000134
0.000445
0.001034
0.002009
0.002495
0.003332
0.004683
0.006097
0.008509
0.010993
0.014471
0.018112
0.022972
0.027651
0.033642
0.039909
0.047173
0.055553
0.065531
0.074855
0.086219
0.099433
0.114127
0.126645
0.141002
0.158207
0.176090
0.203059
0.217518
0.239418
0.263924
0.289080
0.315821
0.344948
0.377548
0.406550
0.440886
0.475012
0.512790
0.553475
0.594781
0.634342
0.677987
0.726267
0.778259
0.831634
0.883082
0.949523
0.999847
1.064982
1.122019
1.186640
1.259538
1.327187
1.399118
1.475933
1.553166
1.631821
1.721926
1.835727
1.906813
2.004234
2.103702
2.202955
2.305291
2.412134
2.520809
2.633931
2.749943
2.868930
2.991916
3.133590
3.247906
3.379531
3.518163
3.658030
3.803548
3.953068
4.105296
4.259517
4.418370
4.579978
4.752982
4.915376
5.098520
5.278520
5.463169
5.651644
5.807934
5.999168
6.236297
6.437146
6.614507
6.909134
7.098932
7.317768
7.389945
7.613545
7.848232
8.086338
