1010 100
1 433 1 617 0
1 511 1 879 0
1 825 1 398 0
1 25 1 902 0
1 431 1 884 0
1 12 1 598 0
1 47 1 620 0
1 326 1 767 0
1 790 1 815 0
1 717 1 948 0
1 546 1 796 0
1 891 1 720 0
1 857 1 710 0
1 777 1 519 0
1 216 1 514 0
1 147 1 649 0
1 121 1 219 0
1 79 1 945 0
1 617 1 103 0
1 836 1 37 0
1 986 1 409 0
1 634 1 594 0
1 19 1 521 0
1 351 1 370 0
1 325 1 57 0
1 307 1 870 0
1 852 1 760 0
1 142 1 261 0
1 459 1 480 0
1 341 1 674 0
1 993 1 487 0
1 884 1 103 0
1 706 1 962 0
1 609 1 884 0
1 626 1 1006 0
1 920 1 602 0
1 405 1 106 0
1 757 1 995 0
1 626 1 97 0
1 926 1 513 0
1 153 1 795 0
1 372 1 567 0
1 544 1 75 0
1 389 1 564 0
1 554 1 729 0
1 799 1 537 0
1 206 1 673 0
1 201 1 473 0
1 186 1 810 0
1 346 1 374 0
1 805 1 827 0
1 537 1 771 0
1 932 1 283 0
1 755 1 110 0
1 380 1 671 0
1 184 1 94 0
1 455 1 117 0
1 222 1 998 0
1 192 1 610 0
1 113 1 745 0
1 329 1 911 0
1 271 1 534 0
1 573 1 34 0
1 568 1 321 0
1 843 1 475 0
1 694 1 199 0
1 291 1 220 0
1 970 1 785 0
1 64 1 714 0
1 456 1 443 0
1 946 1 639 0
1 99 1 390 0
1 755 1 320 0
1 949 1 508 0
1 930 1 51 0
1 243 1 248 0
1 962 1 75 0
1 343 1 86 0
1 108 1 472 0
1 978 1 512 0
1 946 1 223 0
1 711 1 798 0
1 4 1 232 0
1 572 1 68 0
1 507 1 589 0
1 510 1 443 0
1 789 1 170 0
1 832 1 96 0
1 490 1 333 0
1 603 1 409 0
1 383 1 845 0
1 218 1 906 0
1 920 1 560 0
1 992 1 589 0
1 21 1 521 0
1 91 1 966 0
1 744 1 363 0
1 315 1 747 0
1 594 1 887 0
1 814 1 662 0
