701 21 116 11 108
702 7 91 3 79
703 29 103 18 90
704 25 109 4 91
705 13 105 14 93
706 10 108 23 105
707 28 111 9 107
708 19 105 3 103
709 12 109 8 105
710 30 123 11 122
711 15 121 26 117
712 6 117 27 103
713 13 120 5 93
714 16 105 1 87
715 22 119 2 114
716 7 91 24 78
717 10 116 20 95
718 25 96 18 93
719 4 101 14 82
720 6 111 12 106
721 9 105 3 100
722 1 112 7 97
723 15 110 19 95
724 21 114 30 98
725 27 107 22 92
726 8 112 28 93
727 29 105 5 96
728 26 111 17 104
729 2 97 20 89
730 11 115 16 102
731 28 104 24 97
732 25 107 17 95
733 14 119 18 115
734 1 124 23 86
735 4 106 6 97
736 2 102 9 95
737 12 114 3 100
738 21 117 22 114
739 10 134 30 121
740 16 93 7 90
741 27 110 19 97
742 29 85 8 81
743 5 107 26 102
744 18 108 13 102
745 9 111 20 105
746 14 99 19 96
747 28 110 25 103
748 11 111 24 105
749 1 102 12 96
750 13 107 22 93
751 30 106 23 94
752 16 98 4 95
753 2 104 6 103
754 3 128 26 119
755 15 91 20 85
756 8 115 5 110
757 29 84 17 81
758 27 116 7 90
759 25 96 11 79
760 12 112 9 104
761 4 108 30 104
762 6 99 19 84
763 23 103 3 98
764 18 112 5 105
765 7 114 15 110
766 27 106 14 102
767 10 116 21 108
768 29 98 24 89
769 2 128 26 119
770 8 101 20 96
771 22 96 1 94
772 13 100 16 93
773 6 120 26 100
774 12 89 14 87
775 13 98 23 92
776 4 108 5 91
777 28 103 9 89
778 3 105 8 104
779 22 117 1 110
780 19 116 18 102
781 25 112 15 106
782 21 122 24 106
783 27 119 16 101
784 17 112 2 111
785 30 111 20 108
786 29 121 7 119
787 10 123 11 110
788 4 117 12 95
789 27 98 22 96
790 26 114 23 110
791 2 139 13 134
792 8 103 9 92
793 15 109 3 90
794 19 100 29 96
795 1 113 5 90
796 6 120 14 111
797 18 117 28 112
798 10 112 24 104
799 25 116 11 103
800 17 99 30 92
801 21 121 19 95