701 21 116 11 108
702 7 91 3 79
703 29 103 18 90
704 25 109 4 91
705 13 105 14 93
706 10 108 23 105
707 28 111 9 107
708 19 105 3 103
709 12 109 8 105
710 30 123 11 122
711 15 121 26 117
712 6 117 27 103
713 13 120 5 93
714 16 105 1 87
715 22 119 2 114
716 7 91 24 78
717 10 116 20 95
718 25 96 18 93
719 4 101 14 82
720 6 111 12 106
721 9 105 3 100
722 1 112 7 97
723 15 110 19 95
724 21 114 30 98
725 27 107 22 92
726 8 112 28 93
727 29 105 5 96
728 26 111 17 104
729 2 97 20 89
730 11 115 16 102
731 28 104 24 97
732 25 107 17 95
733 14 119 18 115
734 1 124 23 86
735 4 106 6 97
736 2 102 9 95
737 12 114 3 100
738 21 117 22 114
739 10 134 30 121
740 16 93 7 90
741 27 110 19 97
742 29 85 8 81
743 5 107 26 102
744 18 108 13 102
745 9 111 20 105
746 14 99 19 96
747 28 110 25 103
748 11 111 24 105
749 1 102 12 96
750 13 107 22 93
751 30 106 23 94
752 16 98 4 95
753 2 104 6 103
754 3 128 26 119
755 15 91 20 85
756 8 115 5 110
757 29 84 17 81
758 27 116 7 90
759 25 96 11 79
760 12 112 9 104
761 4 108 30 104
762 6 99 19 84
763 23 103 3 98
764 18 112 5 105
765 7 114 15 110
766 27 106 14 102
767 10 116 21 108
768 29 98 24 89
769 2 128 26 119
770 8 101 20 96
771 22 96 1 94
772 13 100 16 93
773 6 120 26 100
774 12 89 14 87
775 13 98 23 92
776 4 108 5 91
777 28 103 9 89
778 3 105 8 104
779 22 117 1 110
780 19 116 18 102
781 25 112 15 106
782 21 122 24 106
783 27 119 16 101
784 17 112 2 111
785 30 111 20 108
786 29 121 7 119
787 10 123 11 110
788 4 117 12 95
789 27 98 22 96
790 26 114 23 110
791 2 139 13 134
792 8 103 9 92
793 15 109 3 90
794 19 100 29 96
795 1 113 5 90
796 6 120 14 111
797 18 117 28 112
798 10 112 24 104
799 25 116 11 103
800 17 99 30 92
801 21 121 19 95
802 6 106 5 95
803 13 105 27 86
804 30 103 29 89
805 22 110 7 104
806 30 98 9 86
807 3 109 20 98
808 16 115 1 111
809 19 121 23 114
810 5 116 28 106
811 4 98 17 95
812 12 101 21 98
813 15 109 18 104
814 11 116 24 100
815 25 137 10 105
816 26 116 8 110
817 27 119 14 113
818 29 111 2 93
819 17 117 1 109
820 16 114 30 94
821 20 103 18 95
822 10 115 13 112
823 19 111 9 106
824 6 115 21 92
825 2 121 8 101
826 27 118 24 111
827 4 104 3 96
828 12 105 22 102
829 28 98 15 85
830 7 129 23 103
831 5 126 14 115
832 25 115 29 111
833 9 96 6 88
834 16 101 12 93
835 28 122 20 95
836 10 102 1 92
837 17 108 14 101
838 18 124 2 122
839 13 124 24 84
840 22 124 23 115
841 30 109 19 89
842 26 114 8 110
843 29 117 11 114
844 25 112 3 104
845 6 114 4 103
846 12 108 20 105
847 9 111 23 91
848 10 118 16 112
849 28 114 18 105
850 5 109 30 104
851 15 128 14 119
852 21 116 7 103
853 8 87 13 81
854 27 108 26 92
855 10 130 22 114
856 2 112 17 107
857 19 123 21 119
858 3 116 24 106
859 11 119 25 105
860 27 96 29 78
861 4 96 12 95
862 30 103 23 94
863 20 108 22 95
864 28 99 6 97
865 1 103 5 88
866 7 122 8 116
867 13 117 26 107
868 15 112 14 95
869 2 101 16 89
870 18 112 19 110
871 25 103 5 95
872 27 104 11 94
873 9 102 17 91
874 10 121 21 118
875 24 111 15 106
876 3 98 29 96
877 30 113 6 99
878 1 87 4 76
879 9 114 28 101
880 25 111 12 102
881 22 130 23 116
882 7 128 18 101
883 16 98 20 81
884 6 100 12 96
885 30 116 23 108
886 2 100 29 95
887 17 128 11 121
888 15 103 8 96
889 21 131 26 116
890 13 105 3 95
891 4 126 24 92
892 16 129 5 111
893 25 104 20 85
894 7 121 22 108
895 10 109 1 105
896 14 107 3 101
897 22 102 5 89
898 4 119 23 99
899 2 116 25 93
900 28 104 29 94
901 11 100 19 95
902 12 104 17 99
903 30 104 18 98
904 15 104 26 98
905 27 97 9 81
906 8 117 14 107
907 13 103 21 98
908 16 108 24 92
909 27 94 19 86
910 26 104 7 101
911 10 121 21 106
912 24 102 22 84
913 16 112 23 102
914 4 108 12 101
915 2 105 20 104
916 28 117 25 115
917 6 108 30 83
918 17 116 18 101
919 15 94 29 88
920 3 121 8 120
921 1 106 14 77
922 29 106 19 94
923 6 120 2 103
924 20 102 9 89
925 12 100 30 99
926 18 132 3 118
927 5 108 11 100
928 27 104 26 94
929 1 107 13 97
930 14 112 10 95
931 21 104 17 96
932 24 109 15 100
933 8 116 7 114
934 9 123 25 103
935 16 103 23 98
936 11 113 28 107
937 15 106 6 103
938 12 99 27 91
939 4 108 18 103
940 19 115 26 112
941 5 100 17 90
942 13 109 7 90
943 10 119 22 113
944 28 104 3 99
945 27 116 18 91
946 8 110 20 94
947 1 91 29 84
948 25 116 30 109
949 14 107 22 98
950 17 114 16 108
951 11 118 23 104
952 4 122 19 113
953 2 116 15 96
954 9 102 7 96
955 21 120 13 108
956 20 128 24 97
957 6 120 26 111
958 10 115 29 94
959 28 104 1 96
960 27 109 5 101
961 8 116 24 98
962 6 120 14 108
963 23 95 3 89
964 4 118 9 103
965 11 102 2 98
966 16 118 5 96
967 18 99 21 96
968 15 121 19 114
969 29 114 30 93
970 22 107 26 100
971 10 128 25 112
972 13 101 20 94
973 12 112 7 105
974 9 125 23 111
975 28 112 16 104
976 4 125 11 109
977 1 95 15 83
978 17 103 19 92
979 27 93 21 85
980 8 116 30 100
981 10 123 24 116
982 25 121 22 84
983 6 114 13 90
984 1 104 12 75
985 29 108 26 99
986 17 109 3 100
987 20 90 14 87
988 30 124 9 81
989 7 107 4 96
990 16 124 8 119
991 5 109 28 107
992 11 130 15 81
993 21 128 25 94
994 29 94 6 85
995 24 107 18 104
996 10 125 19 107
997 12 103 2 98
998 22 116 8 110
999 3 131 23 114
1000 28 107 17 89
1001 27 108 13 87
1002 26 106 14 98