2201 74 1 80 0
2202 61 1 104 0
2203 9 1 15 0
2204 74 1 55 0
2205 9 1 61 0
2206 74 1 9 0
2207 14 1 107 0
2208 27 1 26 0
2209 29 1 121 0
2210 109 1 153 0
2211 140 1 173 0
2212 20 1 53 0
2213 13 1 57 0
2214 100 1 139 0
2215 47 1 127 0
2216 56 1 236 0
2217 141 1 224 0
2218 41 1 120 0
2219 8 1 14 0
2220 29 1 27 0
2221 109 1 82 0
2222 20 1 140 0
2223 13 1 100 0
2224 16 1 47 0
2225 56 1 141 0
2226 41 1 23 0
2227 29 1 8 0
2228 20 1 109 0
2229 16 1 13 0
2230 41 1 56 0
2231 29 1 20 0
2232 41 1 16 0
2233 41 1 29 0
2234 183 1 118 0
2235 22 1 53 0
2236 76 1 117 0
2237 50 1 47 0
2238 158 1 270 0
2239 113 1 56 0
2240 27 1 7 0
2241 42 1 32 0
2242 115 1 72 0
2243 135 1 104 0
2244 26 1 100 0
2245 11 1 85 0
2246 112 1 183 0
2247 22 1 76 0
2248 50 1 23 0
2249 158 1 113 0
2250 27 1 42 0
2251 16 1 115 0
2252 26 1 135 0
2253 11 1 130 0
2254 112 1 22 0
2255 50 1 158 0
2256 16 1 27 0
2257 11 1 26 0
2258 50 1 112 0
2259 11 1 16 0
2260 11 1 50 0
2261 99 1 151 0
2262 98 1 138 0
2263 71 1 33 0
2264 86 1 157 0
2265 72 1 7 0
2266 75 1 81 0
2267 9 1 110 0
2268 32 1 136 0
2269 13 1 271 0
2270 78 1 64 0
2271 115 1 80 0
2272 17 1 187 0
2273 99 1 90 0
2274 71 1 98 0
2275 23 1 86 0
2276 72 1 75 0
2277 9 1 32 0
2278 13 1 130 0
2279 78 1 115 0
2280 1 1 17 0
2281 71 1 99 0
2282 23 1 72 0
2283 9 1 13 0
2284 78 1 1 0
2285 71 1 23 0
2286 9 1 78 0
2287 9 1 71 0
2288 64 1 76 0
2289 47 1 109 0
2290 98 1 59 0
2291 50 1 197 0
2292 134 1 63 0
2293 7 1 120 0
2294 85 1 19 0
2295 136 1 141 0
2296 22 1 121 0
2297 10 1 115 0
2298 56 1 127 0
2299 70 1 36 0
2300 1 1 64 0
2301 47 1 98 0
