2201 74 1 80 0
2202 61 1 104 0
2203 9 1 15 0
2204 74 1 55 0
2205 9 1 61 0
2206 74 1 9 0
2207 14 1 107 0
2208 27 1 26 0
2209 29 1 121 0
2210 109 1 153 0
2211 140 1 173 0
2212 20 1 53 0
2213 13 1 57 0
2214 100 1 139 0
2215 47 1 127 0
2216 56 1 236 0
2217 141 1 224 0
2218 41 1 120 0
2219 8 1 14 0
2220 29 1 27 0
2221 109 1 82 0
2222 20 1 140 0
2223 13 1 100 0
2224 16 1 47 0
2225 56 1 141 0
2226 41 1 23 0
2227 29 1 8 0
2228 20 1 109 0
2229 16 1 13 0
2230 41 1 56 0
2231 29 1 20 0
2232 41 1 16 0
2233 41 1 29 0
2234 183 1 118 0
2235 22 1 53 0
2236 76 1 117 0
2237 50 1 47 0
2238 158 1 270 0
2239 113 1 56 0
2240 27 1 7 0
2241 42 1 32 0
2242 115 1 72 0
2243 135 1 104 0
2244 26 1 100 0
2245 11 1 85 0
2246 112 1 183 0
2247 22 1 76 0
2248 50 1 23 0
2249 158 1 113 0
2250 27 1 42 0
2251 16 1 115 0
2252 26 1 135 0
2253 11 1 130 0
2254 112 1 22 0
2255 50 1 158 0
2256 16 1 27 0
2257 11 1 26 0
2258 50 1 112 0
2259 11 1 16 0
2260 11 1 50 0
2261 99 1 151 0
2262 98 1 138 0
2263 71 1 33 0
2264 86 1 157 0
2265 72 1 7 0
2266 75 1 81 0
2267 9 1 110 0
2268 32 1 136 0
2269 13 1 271 0
2270 78 1 64 0
2271 115 1 80 0
2272 17 1 187 0
2273 99 1 90 0
2274 71 1 98 0
2275 23 1 86 0
2276 72 1 75 0
2277 9 1 32 0
2278 13 1 130 0
2279 78 1 115 0
2280 1 1 17 0
2281 71 1 99 0
2282 23 1 72 0
2283 9 1 13 0
2284 78 1 1 0
2285 71 1 23 0
2286 9 1 78 0
2287 9 1 71 0
2288 64 1 76 0
2289 47 1 109 0
2290 98 1 59 0
2291 50 1 197 0
2292 134 1 63 0
2293 7 1 120 0
2294 85 1 19 0
2295 136 1 141 0
2296 22 1 121 0
2297 10 1 115 0
2298 56 1 127 0
2299 70 1 36 0
2300 1 1 64 0
2301 47 1 98 0
2302 84 1 50 0
2303 7 1 134 0
2304 85 1 136 0
2305 22 1 39 0
2306 56 1 10 0
2307 25 1 70 0
2308 47 1 1 0
2309 7 1 84 0
2310 85 1 22 0
2311 56 1 25 0
2312 7 1 47 0
2313 85 1 56 0
2314 85 1 7 0
2315 19 1 64 0
2316 106 1 119 0
2317 28 1 115 0
2318 59 1 45 0
2319 81 1 154 0
2320 55 1 30 0
2321 88 1 32 0
2322 33 1 272 0
2323 14 1 78 0
2324 40 1 72 0
2325 73 1 39 0
2326 240 1 191 0
2327 95 1 19 0
2328 28 1 106 0
2329 71 1 59 0
2330 55 1 81 0
2331 88 1 33 0
2332 14 1 8 0
2333 40 1 73 0
2334 25 1 240 0
2335 95 1 28 0
2336 71 1 55 0
2337 88 1 14 0
2338 25 1 40 0
2339 95 1 71 0
2340 88 1 25 0
2341 95 1 88 0
2342 157 1 127 0
2343 37 1 118 0
2344 21 1 22 0
2345 42 1 273 0
2346 126 1 274 0
2347 15 1 275 0
2348 24 1 121 0
2349 113 1 276 0
2350 35 1 232 0
2351 32 1 13 0
2352 277 1 7 0
2353 104 1 114 0
2354 157 1 8 0
2355 21 1 37 0
2356 42 1 278 0
2357 15 1 126 0
2358 24 1 113 0
2359 35 1 44 0
2360 32 1 277 0
2361 104 1 16 0
2362 21 1 157 0
2363 42 1 15 0
2364 24 1 35 0
2365 104 1 32 0
2366 21 1 42 0
2367 24 1 104 0
2368 24 1 21 0
2369 99 1 70 0
2370 66 1 46 0
2371 7 1 178 0
2372 59 1 131 0
2373 39 1 138 0
2374 136 1 119 0
2375 81 1 17 0
2376 112 1 127 0
2377 109 1 279 0
2378 83 1 10 0
2379 19 1 130 0
2380 171 1 280 0
2381 99 1 51 0
2382 7 1 66 0
2383 72 1 59 0
2384 136 1 39 0
2385 112 1 81 0
2386 23 1 109 0
2387 83 1 19 0
2388 90 1 171 0
2389 7 1 99 0
2390 72 1 136 0
2391 23 1 112 0
2392 90 1 83 0
2393 7 1 72 0
2394 90 1 23 0
2395 90 1 7 0
2396 93 1 99 0
2397 97 1 136 0
2398 38 1 83 0
2399 82 1 72 0
2400 108 1 85 0
2401 64 1 67 0
2402 76 1 50 0
2403 88 1 90 0
2404 59 1 74 0
2405 41 1 109 0
2406 86 1 107 0
2407 95 1 105 0
2408 75 1 73 0
2409 62 1 61 0
2410 77 1 104 0
2411 92 1 51 0
2412 93 1 97 0
2413 82 1 38 0
2414 108 1 64 0
2415 76 1 88 0
2416 41 1 59 0
2417 95 1 86 0
2418 62 1 75 0
2419 92 1 77 0
2420 93 1 82 0
2421 108 1 76 0
2422 95 1 41 0
2423 62 1 92 0
2424 93 1 108 0
2425 95 1 62 0
2426 93 1 95 0
2427 16 1 148 0
2428 76 1 14 0
2429 43 1 147 0
2430 50 1 281 0
2431 77 1 154 0
2432 46 1 37 0
2433 70 1 144 0
2434 27 1 119 0
2435 118 1 29 0
2436 26 1 137 0
2437 153 1 198 0
2438 30 1 109 0
2439 88 1 232 0
2440 28 1 163 0
2441 4 1 164 0
2442 121 1 82 0
2443 76 1 16 0
2444 50 1 43 0
2445 77 1 46 0
2446 27 1 70 0
2447 26 1 118 0
2448 30 1 153 0
2449 28 1 88 0
2450 4 1 121 0
2451 50 1 76 0
2452 77 1 27 0
2453 26 1 30 0
2454 28 1 4 0
2455 77 1 50 0
2456 26 1 28 0
2457 77 1 26 0
2458 96 1 119 0
2459 55 1 81 0
2460 50 1 88 0
2461 75 1 73 0
2462 16 1 32 0
2463 26 1 230 0
2464 41 1 43 0
2465 82 1 130 0
2466 25 1 209 0
2467 109 1 44 0
2468 18 1 78 0
2469 95 1 64 0
2470 24 1 11 0
2471 72 1 157 0
2472 57 1 30 0
2473 77 1 1 0
2474 96 1 55 0
2475 75 1 50 0
2476 26 1 16 0
2477 41 1 82 0
2478 25 1 109 0
2479 95 1 18 0
2480 24 1 72 0
2481 77 1 57 0
2482 96 1 75 0
2483 41 1 26 0
2484 95 1 25 0
2485 24 1 77 0
2486 96 1 41 0
2487 95 1 24 0
2488 96 1 95 0
2489 93 1 36 0
2490 15 1 53 0
2491 46 1 101 0
2492 28 1 151 0
2493 24 1 282 0
2494 197 1 206 0
2495 76 1 69 0
2496 16 1 153 0
2497 41 1 18 0
2498 42 1 107 0
2499 32 1 29 0
2500 83 1 138 0
2501 134 1 50 0
2502 98 1 163 0
2503 35 1 30 0
2504 95 1 184 0
2505 94 1 173 0
2506 7 1 86 0
2507 155 1 232 0
2508 21 1 136 0
2509 75 1 37 0
2510 56 1 26 0
2511 13 1 159 0
2512 82 1 73 0
2513 25 1 157 0
2514 246 1 162 0
2515 81 1 182 0
2516 44 1 11 0
2517 88 1 115 0
2518 99 1 49 0
2519 131 1 120 0
2520 108 1 147 0
2521 31 1 187 0
2522 85 1 121 0
2523 39 1 161 0
2524 20 1 253 0
2525 23 1 150 0
2526 64 1 124 0
2527 117 1 47 0
2528 109 1 8 0
2529 74 1 247 0
2530 144 1 119 0
2531 84 1 22 0
2532 55 1 100 0
2533 62 1 3 0
2534 17 1 276 0
2535 2 1 137 0
2536 51 1 4 0
2537 1 1 128 0
2538 57 1 223 0
2539 78 1 127 0
2540 27 1 104 0
2541 130 1 164 0
2542 80 1 233 0
2543 61 1 180 0
2544 9 1 112 0
2545 71 1 111 0
2546 135 1 59 0
2547 72 1 67 0
2548 92 1 14 0
2549 19 1 77 0
2550 63 1 10 0
2551 66 1 240 0
2552 96 1 158 0
2553 93 1 15 0
2554 46 1 28 0
2555 24 1 197 0
2556 16 1 76 0
2557 41 1 42 0
2558 32 1 83 0
2559 98 1 134 0
2560 95 1 35 0
2561 94 1 7 0
2562 21 1 155 0
2563 75 1 56 0
2564 13 1 82 0
2565 25 1 246 0
2566 44 1 81 0
2567 99 1 88 0
2568 108 1 131 0
2569 31 1 85 0
2570 39 1 20 0
2571 64 1 23 0
2572 109 1 117 0
2573 74 1 144 0
2574 84 1 55 0
2575 17 1 62 0
2576 51 1 2 0
2577 1 1 57 0
2578 27 1 78 0
2579 80 1 130 0
2580 9 1 61 0
2581 71 1 135 0
2582 92 1 72 0
2583 63 1 19 0
2584 96 1 66 0
2585 93 1 46 0
2586 24 1 16 0
2587 41 1 32 0
2588 95 1 98 0
2589 94 1 21 0
2590 13 1 75 0
2591 25 1 44 0
2592 108 1 99 0
2593 31 1 39 0
2594 109 1 64 0
2595 74 1 84 0
2596 51 1 17 0
2597 1 1 27 0
2598 9 1 80 0
2599 71 1 92 0
2600 96 1 63 0
2601 93 1 24 0
2602 95 1 41 0
2603 94 1 13 0
2604 108 1 25 0
2605 31 1 109 0
2606 74 1 51 0
2607 1 1 9 0
2608 96 1 71 0
2609 93 1 95 0
2610 94 1 108 0
2611 74 1 31 0
2612 1 1 96 0
2613 93 1 94 0
2614 1 1 74 0
2615 1 1 93 0
2616 93 1 31 0
2617 96 1 51 0
2618 94 1 108 0
2619 95 1 1 0
2620 31 1 51 0
2621 96 1 93 0
2622 95 1 94 0
2623 1 1 108 0
2624 96 1 31 0
2625 93 1 51 0
2626 95 1 108 0
2627 1 1 94 0
2628 93 1 95 0
2629 96 1 1 0
2630 93 1 96 0
2631 283 1 53 0
2632 259 1 53 0
2633 53 1 256 0
2634 259 1 283 0
2635 283 1 256 0
2636 259 1 256 0
2637 213 1 203 0
2638 203 1 178 0
2639 203 1 224 0
2640 178 1 213 0
2641 224 1 213 0
2642 224 1 178 0
2643 259 1 224 0
2644 283 1 203 0
2645 259 1 283 0
2646 9 1 115 0
2647 71 1 55 0
2648 55 1 9 0
2649 115 1 80 0
2650 94 1 26 0
2651 129 1 82 0
2652 94 1 82 0
2653 26 1 129 0
2654 46 1 64 0
2655 28 1 11 0
2656 28 1 64 0
2657 284 1 14 0
2658 119 1 99 0
2659 73 1 138 0
2660 119 1 73 0
2661 133 1 62 0
2662 120 1 197 0
2663 44 1 85 0
2664 44 1 120 0
2665 47 1 85 0
2666 93 1 68 0
2667 88 1 32 0
2668 37 1 285 0
2669 88 1 68 0
2670 90 1 3 0
2671 31 1 86 0
2672 31 1 90 0
2673 86 1 100 0
2674 230 1 161 0
2675 49 1 286 0
2676 230 1 49 0
2677 75 1 228 0
2678 9 1 129 0
2679 94 1 74 0
2680 94 1 9 0
2681 119 1 46 0
2682 133 1 21 0
2683 14 1 119 0
2684 139 1 133 0
2685 44 1 37 0
2686 47 1 88 0
2687 57 1 135 0
2688 197 1 37 0
2689 49 1 175 0
2690 75 1 174 0
2691 233 1 175 0
2692 49 1 174 0
2693 94 1 46 0
2694 28 1 287 0
2695 94 1 28 0
2696 46 1 287 0
2697 75 1 47 0
2698 44 1 49 0
2699 75 1 135 0
2700 49 1 47 0
2701 75 1 155 0
2702 94 1 161 0
2703 94 1 75 0
2704 107 1 288 0
2705 257 1 289 0
2706 107 1 257 0
2707 289 1 290 0
2708 118 1 92 0
2709 56 1 291 0
2710 92 1 56 0
2711 118 1 291 0
2712 107 1 292 0
2713 166 1 289 0
2714 107 1 166 0
2715 293 1 294 0
2716 257 1 292 0
2717 293 1 290 0
2718 257 1 293 0
2719 166 1 288 0
2720 295 1 296 0
2721 140 1 297 0
2722 140 1 296 0
2723 297 1 298 0
2724 105 1 270 0
2725 183 1 97 0
2726 270 1 299 0
2727 183 1 300 0
2728 140 1 256 0
2729 136 1 301 0
2730 136 1 140 0
2731 301 1 302 0
2732 183 1 190 0
2733 241 1 270 0
2734 190 1 303 0
2735 241 1 183 0
2736 304 1 171 0
2737 98 1 305 0
2738 98 1 304 0
2739 70 1 305 0
2740 124 1 134 0
2741 59 1 247 0
2742 59 1 124 0
2743 167 1 247 0
2744 61 1 306 0
2745 252 1 307 0
2746 61 1 307 0
2747 147 1 308 0
2748 309 1 310 0
2749 200 1 144 0
2750 309 1 311 0
2751 200 1 310 0
2752 127 1 103 0
2753 81 1 312 0
2754 81 1 127 0
2755 312 1 313 0
2756 83 1 70 0
2757 84 1 314 0
2758 171 1 83 0
2759 70 1 84 0
2760 125 1 72 0
2761 59 1 157 0
2762 157 1 72 0
2763 315 1 188 0
2764 200 1 252 0
2765 61 1 309 0
2766 61 1 200 0
2767 309 1 252 0
2768 30 1 81 0
2769 179 1 78 0
2770 81 1 78 0
2771 95 1 316 0
2772 108 1 304 0
2773 23 1 304 0
2774 108 1 316 0
2775 144 1 317 0
2776 318 1 306 0
2777 319 1 320 0
2778 317 1 318 0
2779 127 1 321 0
2780 206 1 312 0
2781 206 1 127 0
2782 322 1 323 0
2783 324 1 325 0
2784 326 1 327 0
2785 326 1 328 0
2786 329 1 327 0
2787 330 1 331 0
2788 332 1 333 0
2789 330 1 332 0
2790 334 1 335 0
2791 250 1 336 0
2792 337 1 338 0
2793 250 1 337 0
2794 339 1 340 0
2795 165 1 341 0
2796 165 1 342 0
2797 343 1 341 0
2798 330 1 324 0
2799 326 1 344 0
2800 330 1 326 0
2801 324 1 344 0
2802 345 1 346 0
2803 339 1 338 0
2804 345 1 338 0
2805 339 1 347 0
2806 348 1 326 0
2807 343 1 349 0
2808 345 1 350 0
2809 348 1 349 0
2810 76 1 351 0
2811 352 1 353 0
2812 354 1 355 0
2813 352 1 351 0
2814 356 1 357 0
2815 358 1 359 0
2816 360 1 359 0
2817 361 1 362 0
2818 363 1 364 0
2819 365 1 366 0
2820 367 1 368 0
2821 369 1 364 0
2822 370 1 371 0
2823 372 1 373 0
2824 372 1 374 0
2825 373 1 375 0
2826 352 1 376 0
2827 76 1 356 0
2828 76 1 358 0
2829 373 1 369 0
2830 377 1 367 0
2831 374 1 367 0
2832 373 1 352 0
2833 237 1 377 0
2834 354 1 373 0
2835 370 1 352 0
2836 378 1 132 0
2837 128 1 379 0
2838 128 1 378 0
2839 132 1 380 0
2840 381 1 382 0
2841 383 1 384 0
2842 383 1 382 0
2843 381 1 384 0
2844 7 1 267 0
2845 277 1 266 0
2846 266 1 275 0
2847 385 1 386 0
2848 36 1 387 0
2849 263 1 388 0
2850 36 1 263 0
2851 387 1 389 0
2852 390 1 391 0
2853 63 1 392 0
2854 393 1 391 0
2855 392 1 394 0
2856 178 1 395 0
2857 123 1 396 0
2858 123 1 178 0
2859 395 1 397 0
2860 15 1 398 0
2861 399 1 400 0
2862 15 1 399 0
2863 401 1 402 0
2864 403 1 404 0
2865 405 1 406 0
2866 405 1 403 0
2867 404 1 407 0
2868 128 1 383 0
2869 381 1 132 0
2870 128 1 381 0
2871 383 1 132 0
2872 7 1 389 0
2873 36 1 277 0
2874 7 1 36 0
2875 275 1 388 0
2876 123 1 393 0
2877 390 1 408 0
2878 123 1 390 0
2879 408 1 393 0
2880 405 1 400 0
2881 18 1 402 0
2882 409 1 400 0
2883 410 1 411 0
2884 383 1 7 0
2885 276 1 412 0
2886 7 1 412 0
2887 383 1 277 0
2888 408 1 409 0
2889 123 1 405 0
2890 123 1 404 0
2891 405 1 395 0
2892 378 1 211 0
2893 379 1 382 0
2894 379 1 211 0
2895 380 1 382 0
2896 267 1 263 0
2897 387 1 266 0
2898 263 1 266 0
2899 391 1 397 0
2900 392 1 413 0
2901 391 1 414 0
2902 392 1 415 0
2903 403 1 398 0
2904 399 1 416 0
2905 403 1 399 0
2906 417 1 406 0
2907 359 1 418 0
2908 357 1 419 0
2909 419 1 359 0
2910 357 1 420 0
2911 364 1 421 0
2912 372 1 368 0
2913 421 1 366 0
2914 332 1 327 0
2915 422 1 328 0
2916 334 1 325 0
2917 422 1 327 0
2918 336 1 340 0
2919 337 1 341 0
2920 340 1 337 0
2921 423 1 424 0
2922 425 1 288 0
2923 257 1 426 0
2924 257 1 425 0
2925 427 1 428 0
2926 97 1 297 0
2927 105 1 429 0
2928 97 1 429 0
2929 299 1 297 0
2930 64 1 241 0
2931 190 1 11 0
2932 11 1 241 0
2933 1 1 125 0
2934 96 1 188 0
2935 96 1 125 0
2936 230 1 430 0
2937 109 1 99 0
2938 62 1 70 0
2939 62 1 109 0
2940 53 1 215 0
2941 136 1 27 0
2942 41 1 256 0
2943 41 1 136 0
2944 56 1 253 0
2945 31 1 158 0
2946 31 1 56 0
2947 253 1 158 0
2948 107 1 154 0
2949 55 1 289 0
2950 55 1 107 0
2951 39 1 294 0
2952 85 1 68 0
2953 32 1 120 0
2954 32 1 85 0
2955 61 1 179 0
2956 81 1 252 0
2957 61 1 81 0
2958 179 1 252 0