430 2958
1 1 1 2 0
2 3 1 4 0
3 5 1 6 0
4 7 1 8 0
5 9 1 10 0
6 11 1 12 0
7 13 1 14 0
8 15 1 16 0
9 17 1 18 0
10 19 1 20 0
11 21 1 22 0
12 23 1 24 0
13 25 1 26 0
14 27 1 28 0
15 29 1 30 0
16 31 1 32 0
17 1 1 3 0
18 5 1 7 0
19 9 1 11 0
20 15 1 13 0
21 17 1 19 0
22 21 1 23 0
23 25 1 27 0
24 31 1 29 0
25 1 1 5 0
26 15 1 9 0
27 17 1 21 0
28 31 1 25 0
29 1 1 15 0
30 17 1 31 0
31 1 1 17 0
32 33 1 34 0
33 35 1 36 0
34 18 1 37 0
35 19 1 29 0
36 38 1 39 0
37 15 1 40 0
38 41 1 42 0
39 20 1 43 0
40 44 1 45 0
41 13 1 46 0
42 47 1 48 0
43 49 1 50 0
44 51 1 33 0
45 18 1 35 0
46 19 1 28 0
47 15 1 38 0
48 41 1 20 0
49 9 1 44 0
50 13 1 47 0
51 24 1 49 0
52 51 1 18 0
53 19 1 15 0
54 41 1 9 0
55 24 1 13 0
56 51 1 19 0
57 41 1 24 0
58 51 1 41 0
59 52 1 10 0
60 53 1 54 0
61 55 1 56 0
62 57 1 58 0
63 59 1 60 0
64 61 1 42 0
65 62 1 11 0
66 63 1 64 0
67 7 1 65 0
68 32 1 66 0
69 67 1 68 0
70 69 1 70 0
71 71 1 52 0
72 55 1 53 0
73 72 1 57 0
74 59 1 61 0
75 62 1 63 0
76 7 1 73 0
77 32 1 67 0
78 23 1 69 0
79 71 1 55 0
80 72 1 59 0
81 7 1 62 0
82 23 1 32 0
83 72 1 71 0
84 7 1 23 0
85 72 1 7 0
86 17 1 15 0
87 20 1 74 0
88 75 1 76 0
89 77 1 9 0
90 61 1 72 0
91 32 1 33 0
92 28 1 78 0
93 79 1 80 0
94 81 1 71 0
95 29 1 82 0
96 83 1 84 0
97 85 1 11 0
98 7 1 55 0
99 46 1 62 0
100 24 1 21 0
101 18 1 64 0
102 86 1 43 0
103 87 1 88 0
104 13 1 89 0
105 73 1 50 0
106 8 1 90 0
107 16 1 44 0
108 41 1 91 0
109 23 1 92 0
110 93 1 17 0
111 75 1 20 0
112 77 1 61 0
113 1 1 32 0
114 30 1 28 0
115 81 1 79 0
116 83 1 29 0
117 51 1 85 0
118 25 1 7 0
119 24 1 46 0
120 18 1 86 0
121 94 1 87 0
122 95 1 13 0
123 8 1 73 0
124 16 1 41 0
125 96 1 23 0
126 93 1 75 0
127 1 1 77 0
128 30 1 81 0
129 51 1 83 0
130 24 1 25 0
131 94 1 18 0
132 8 1 95 0
133 96 1 16 0
134 93 1 1 0
135 30 1 51 0
136 94 1 24 0
137 96 1 8 0
138 93 1 30 0
139 96 1 94 0
140 96 1 93 0
141 61 1 97 0
142 72 1 76 0
143 8 1 98 0
144 24 1 15 0
145 86 1 99 0
146 28 1 20 0
147 27 1 73 0
148 75 1 100 0
149 82 1 50 0
150 9 1 101 0
151 44 1 102 0
152 41 1 103 0
153 77 1 13 0
154 23 1 104 0
155 90 1 85 0
156 25 1 105 0
157 32 1 30 0
158 88 1 92 0
159 21 1 59 0
160 62 1 7 0
161 16 1 106 0
162 74 1 83 0
163 107 1 26 0
164 22 1 29 0
165 93 1 61 0
166 8 1 72 0
167 24 1 86 0
168 28 1 108 0
169 94 1 27 0
170 82 1 75 0
171 9 1 44 0
172 51 1 41 0
173 95 1 77 0
174 90 1 23 0
175 25 1 32 0
176 1 1 88 0
177 31 1 21 0
178 16 1 62 0
179 74 1 107 0
180 22 1 96 0
181 93 1 8 0
182 28 1 24 0
183 94 1 82 0
184 51 1 9 0
185 95 1 90 0
186 1 1 25 0
187 16 1 31 0
188 74 1 22 0
189 93 1 28 0
190 94 1 51 0
191 95 1 1 0
192 74 1 16 0
193 93 1 94 0
194 74 1 95 0
195 93 1 74 0
196 85 1 109 0
197 17 1 71 0
198 23 1 110 0
199 111 1 77 0
200 28 1 62 0
201 88 1 41 0
202 72 1 50 0
203 64 1 104 0
204 30 1 11 0
205 18 1 42 0
206 67 1 66 0
207 73 1 92 0
208 13 1 112 0
209 44 1 61 0
210 57 1 80 0
211 32 1 20 0
212 93 1 85 0
213 9 1 17 0
214 74 1 23 0
215 51 1 111 0
216 1 1 28 0
217 88 1 8 0
218 16 1 72 0
219 95 1 64 0
220 108 1 30 0
221 18 1 25 0
222 82 1 67 0
223 96 1 73 0
224 31 1 13 0
225 24 1 44 0
226 75 1 57 0
227 94 1 32 0
228 93 1 9 0
229 51 1 74 0
230 1 1 88 0
231 95 1 16 0
232 108 1 18 0
233 82 1 96 0
234 24 1 31 0
235 94 1 75 0
236 93 1 51 0
237 1 1 95 0
238 108 1 82 0
239 94 1 24 0
240 93 1 1 0
241 94 1 108 0
242 93 1 94 0
243 109 1 42 0
244 7 1 113 0
245 114 1 115 0
246 85 1 116 0
247 107 1 72 0
248 117 1 118 0
249 119 1 120 0
250 66 1 121 0
251 17 1 122 0
252 98 1 123 0
253 124 1 125 0
254 126 1 127 0
255 128 1 129 0
256 84 1 22 0
257 70 1 20 0
258 35 1 53 0
259 31 1 109 0
260 56 1 7 0
261 92 1 114 0
262 23 1 85 0
263 107 1 25 0
264 61 1 117 0
265 83 1 119 0
266 66 1 74 0
267 17 1 130 0
268 55 1 98 0
269 124 1 21 0
270 108 1 126 0
271 8 1 128 0
272 84 1 44 0
273 62 1 70 0
274 95 1 35 0
275 31 1 56 0
276 23 1 92 0
277 61 1 107 0
278 83 1 66 0
279 55 1 17 0
280 108 1 124 0
281 84 1 8 0
282 62 1 95 0
283 31 1 23 0
284 61 1 83 0
285 108 1 55 0
286 84 1 62 0
287 31 1 61 0
288 84 1 108 0
289 31 1 84 0
290 36 1 128 0
291 131 1 132 0
292 119 1 133 0
293 70 1 63 0
294 134 1 49 0
295 135 1 69 0
296 85 1 10 0
297 136 1 17 0
298 109 1 98 0
299 137 1 59 0
300 57 1 46 0
301 138 1 101 0
302 96 1 36 0
303 131 1 119 0
304 56 1 70 0
305 135 1 134 0
306 85 1 136 0
307 92 1 109 0
308 137 1 57 0
309 18 1 138 0
310 96 1 131 0
311 135 1 56 0
312 92 1 85 0
313 18 1 137 0
314 96 1 135 0
315 92 1 18 0
316 96 1 92 0
317 93 1 55 0
318 36 1 139 0
319 110 1 140 0
320 28 1 115 0
321 44 1 46 0
322 66 1 141 0
323 128 1 81 0
324 16 1 112 0
325 25 1 142 0
326 127 1 59 0
327 6 1 143 0
328 82 1 100 0
329 43 1 92 0
330 33 1 109 0
331 56 1 120 0
332 31 1 99 0
333 1 1 7 0
334 107 1 39 0
335 20 1 61 0
336 72 1 144 0
337 38 1 83 0
338 19 1 26 0
339 145 1 121 0
340 75 1 146 0
341 18 1 47 0
342 27 1 147 0
343 113 1 148 0
344 24 1 149 0
345 21 1 135 0
346 117 1 150 0
347 106 1 57 0
348 90 1 131 0
349 129 1 151 0
350 11 1 53 0
351 86 1 152 0
352 62 1 153 0
353 88 1 133 0
354 67 1 2 0
355 154 1 76 0
356 95 1 85 0
357 74 1 15 0
358 22 1 136 0
359 30 1 155 0
360 77 1 124 0
361 73 1 156 0
362 32 1 78 0
363 157 1 158 0
364 94 1 119 0
365 51 1 13 0
366 80 1 37 0
367 64 1 130 0
368 84 1 104 0
369 71 1 42 0
370 50 1 159 0
371 69 1 116 0
372 9 1 35 0
373 8 1 49 0
374 101 1 160 0
375 17 1 10 0
376 23 1 161 0
377 14 1 41 0
378 162 1 163 0
379 29 1 164 0
380 96 1 63 0
381 93 1 36 0
382 28 1 110 0
383 44 1 66 0
384 16 1 128 0
385 25 1 127 0
386 82 1 6 0
387 43 1 33 0
388 56 1 31 0
389 1 1 107 0
390 20 1 72 0
391 19 1 38 0
392 75 1 145 0
393 18 1 27 0
394 24 1 113 0
395 21 1 117 0
396 90 1 106 0
397 129 1 11 0
398 86 1 62 0
399 88 1 67 0
400 154 1 95 0
401 74 1 22 0
402 77 1 30 0
403 73 1 32 0
404 94 1 157 0
405 51 1 80 0
406 84 1 64 0
407 71 1 50 0
408 9 1 69 0
409 101 1 8 0
410 23 1 17 0
411 14 1 162 0
412 96 1 29 0
413 93 1 28 0
414 16 1 44 0
415 25 1 82 0
416 43 1 56 0
417 1 1 20 0
418 75 1 19 0
419 24 1 18 0
420 21 1 90 0
421 86 1 129 0
422 88 1 154 0
423 77 1 74 0
424 94 1 73 0
425 51 1 84 0
426 9 1 71 0
427 23 1 101 0
428 96 1 14 0
429 93 1 16 0
430 25 1 43 0
431 1 1 75 0
432 24 1 21 0
433 86 1 88 0
434 94 1 77 0
435 9 1 51 0
436 96 1 23 0
437 93 1 25 0
438 24 1 1 0
439 94 1 86 0
440 96 1 9 0
441 93 1 24 0
442 96 1 94 0
443 93 1 96 0
444 118 1 160 0
445 165 1 166 0
446 57 1 151 0
447 167 1 59 0
448 158 1 120 0
449 53 1 168 0
450 107 1 169 0
451 170 1 171 0
452 131 1 123 0
453 85 1 172 0
454 146 1 5 0
455 126 1 173 0
456 8 1 118 0
457 57 1 165 0
458 20 1 167 0
459 53 1 158 0
460 107 1 170 0
461 61 1 131 0
462 85 1 146 0
463 126 1 56 0
464 8 1 57 0
465 20 1 53 0
466 107 1 61 0
467 85 1 126 0
468 8 1 20 0
469 107 1 85 0
470 107 1 8 0
471 85 1 92 0
472 41 1 50 0
473 18 1 30 0
474 64 1 16 0
475 130 1 72 0
476 26 1 43 0
477 21 1 20 0
478 86 1 76 0
479 82 1 39 0
480 13 1 80 0
481 44 1 140 0
482 77 1 81 0
483 78 1 174 0
484 10 1 88 0
485 9 1 73 0
486 75 1 27 0
487 29 1 61 0
488 84 1 175 0
489 28 1 7 0
490 23 1 141 0
491 74 1 32 0
492 71 1 62 0
493 15 1 176 0
494 83 1 8 0
495 93 1 85 0
496 41 1 18 0
497 130 1 64 0
498 26 1 51 0
499 21 1 1 0
500 82 1 86 0
501 13 1 44 0
502 77 1 90 0
503 95 1 78 0
504 10 1 9 0
505 75 1 29 0
506 31 1 84 0
507 28 1 25 0
508 74 1 23 0
509 15 1 71 0
510 94 1 83 0
511 93 1 41 0
512 130 1 26 0
513 82 1 21 0
514 13 1 77 0
515 95 1 10 0
516 31 1 75 0
517 74 1 28 0
518 94 1 15 0
519 93 1 130 0
520 13 1 82 0
521 31 1 95 0
522 94 1 74 0
523 93 1 13 0
524 94 1 31 0
525 94 1 93 0
526 2 1 116 0
527 119 1 177 0
528 178 1 88 0
529 7 1 179 0
530 39 1 14 0
531 13 1 33 0
532 21 1 56 0
533 3 1 36 0
534 101 1 133 0
535 86 1 12 0
536 19 1 35 0
537 40 1 89 0
538 108 1 2 0
539 119 1 178 0
540 18 1 7 0
541 39 1 13 0
542 21 1 3 0
543 77 1 101 0
544 86 1 19 0
545 8 1 40 0
546 108 1 119 0
547 39 1 18 0
548 21 1 77 0
549 8 1 86 0
550 108 1 39 0
551 8 1 21 0
552 108 1 8 0
553 162 1 180 0
554 32 1 14 0
555 181 1 28 0
556 112 1 153 0
557 29 1 161 0
558 117 1 17 0
559 21 1 119 0
560 72 1 107 0
561 30 1 78 0
562 57 1 41 0
563 42 1 182 0
564 27 1 183 0
565 162 1 184 0
566 32 1 181 0
567 44 1 112 0
568 117 1 29 0
569 72 1 21 0
570 130 1 30 0
571 57 1 42 0
572 82 1 27 0
573 32 1 162 0
574 44 1 117 0
575 72 1 130 0
576 82 1 57 0
577 44 1 32 0
578 72 1 82 0
579 72 1 44 0
580 94 1 80 0
581 86 1 55 0
582 13 1 185 0
583 9 1 7 0
584 51 1 186 0
585 73 1 157 0
586 71 1 111 0
587 23 1 33 0
588 18 1 187 0
589 15 1 75 0
590 104 1 136 0
591 1 1 188 0
592 72 1 130 0
593 78 1 66 0
594 99 1 64 0
595 90 1 98 0
596 94 1 86 0
597 9 1 13 0
598 51 1 73 0
599 71 1 23 0
600 15 1 18 0
601 1 1 104 0
602 78 1 72 0
603 90 1 99 0
604 9 1 94 0
605 51 1 71 0
606 1 1 15 0
607 90 1 78 0
608 51 1 9 0
609 1 1 90 0
610 1 1 51 0
611 32 1 157 0
612 124 1 164 0
613 15 1 111 0
614 127 1 151 0
615 11 1 189 0
616 59 1 66 0
617 76 1 190 0
618 42 1 118 0
619 191 1 158 0
620 104 1 171 0
621 3 1 177 0
622 67 1 147 0
623 1 1 32 0
624 15 1 124 0
625 75 1 127 0
626 59 1 11 0
627 76 1 42 0
628 23 1 191 0
629 104 1 3 0
630 67 1 8 0
631 1 1 15 0
632 75 1 59 0
633 23 1 76 0
634 67 1 104 0
635 1 1 75 0
636 67 1 23 0
637 1 1 67 0
638 19 1 11 0
639 22 1 88 0
640 134 1 192 0
641 47 1 57 0
642 117 1 109 0
643 46 1 115 0
644 32 1 59 0
645 137 1 7 0
646 86 1 119 0
647 153 1 39 0
648 50 1 40 0
649 131 1 14 0
650 111 1 121 0
651 36 1 125 0
652 162 1 72 0
653 193 1 87 0
654 99 1 85 0
655 30 1 175 0
656 138 1 154 0
657 21 1 43 0
658 163 1 3 0
659 159 1 107 0
660 26 1 42 0
661 164 1 37 0
662 157 1 194 0
663 61 1 84 0
664 27 1 66 0
665 78 1 29 0
666 136 1 5 0
667 41 1 76 0
668 195 1 10 0
669 135 1 81 0
670 93 1 19 0
671 22 1 185 0
672 82 1 134 0
673 16 1 47 0
674 117 1 25 0
675 46 1 104 0
676 28 1 32 0
677 108 1 137 0
678 94 1 86 0
679 55 1 153 0
680 50 1 62 0
681 130 1 131 0
682 8 1 111 0
683 92 1 36 0
684 20 1 162 0
685 31 1 193 0
686 90 1 99 0
687 30 1 56 0
688 83 1 138 0
689 18 1 21 0
690 9 1 163 0
691 159 1 24 0
692 26 1 13 0
693 95 1 164 0
694 157 1 1 0
695 64 1 61 0
696 27 1 77 0
697 51 1 78 0
698 23 1 136 0
699 41 1 15 0
700 73 1 195 0
701 96 1 135 0
702 93 1 22 0
703 82 1 16 0
704 46 1 117 0
705 28 1 108 0
706 94 1 55 0
707 50 1 130 0
708 8 1 92 0
709 31 1 20 0
710 90 1 30 0
711 83 1 18 0
712 9 1 159 0
713 95 1 26 0
714 64 1 157 0
715 51 1 27 0
716 41 1 23 0
717 96 1 73 0
718 93 1 82 0
719 28 1 46 0
720 94 1 50 0
721 8 1 31 0
722 90 1 83 0
723 95 1 9 0
724 51 1 64 0
725 96 1 41 0
726 93 1 28 0
727 94 1 8 0
728 90 1 95 0
729 96 1 51 0
730 93 1 94 0
731 96 1 90 0
732 93 1 96 0
733 61 1 53 0
734 49 1 163 0
735 85 1 139 0
736 30 1 127 0
737 119 1 27 0
738 158 1 159 0
739 33 1 14 0
740 47 1 11 0
741 10 1 138 0
742 99 1 19 0
743 32 1 59 0
744 81 1 111 0
745 86 1 196 0
746 70 1 42 0
747 134 1 193 0
748 109 1 84 0
749 197 1 46 0
750 22 1 7 0
751 41 1 100 0
752 72 1 135 0
753 29 1 107 0
754 36 1 121 0
755 157 1 155 0
756 26 1 76 0
757 140 1 66 0
758 5 1 136 0
759 37 1 57 0
760 153 1 168 0
761 117 1 161 0
762 115 1 39 0
763 162 1 63 0
764 35 1 78 0
765 93 1 61 0
766 49 1 15 0
767 85 1 92 0
768 30 1 83 0
769 9 1 119 0
770 158 1 77 0
771 64 1 33 0
772 108 1 47 0
773 31 1 10 0
774 88 1 99 0
775 75 1 32 0
776 81 1 23 0
777 18 1 86 0
778 82 1 70 0
779 13 1 134 0
780 90 1 109 0
781 1 1 197 0
782 50 1 22 0
783 41 1 62 0
784 72 1 8 0
785 16 1 29 0
786 44 1 36 0
787 56 1 157 0
788 94 1 26 0
789 51 1 140 0
790 28 1 5 0
791 71 1 37 0
792 74 1 153 0
793 117 1 130 0
794 104 1 115 0
795 20 1 162 0
796 95 1 35 0
797 93 1 49 0
798 30 1 85 0
799 9 1 158 0
800 108 1 64 0
801 31 1 88 0
802 75 1 81 0
803 82 1 18 0
804 90 1 13 0
805 50 1 1 0
806 72 1 41 0
807 16 1 44 0
808 94 1 56 0
809 51 1 28 0
810 71 1 74 0
811 117 1 104 0
812 20 1 95 0
813 93 1 30 0
814 108 1 9 0
815 31 1 75 0
816 82 1 90 0
817 72 1 50 0
818 94 1 16 0
819 51 1 71 0
820 117 1 20 0
821 93 1 108 0
822 82 1 31 0
823 94 1 72 0
824 51 1 117 0
825 93 1 82 0
826 94 1 51 0
827 93 1 94 0
828 193 1 163 0
829 5 1 119 0
830 77 1 147 0
831 137 1 109 0
832 79 1 198 0
833 29 1 39 0
834 26 1 50 0
835 43 1 46 0
836 28 1 164 0
837 27 1 37 0
838 154 1 121 0
839 14 1 76 0
840 31 1 193 0
841 5 1 77 0
842 82 1 137 0
843 29 1 79 0
844 26 1 43 0
845 28 1 30 0
846 27 1 154 0
847 16 1 14 0
848 31 1 5 0
849 29 1 82 0
850 26 1 28 0
851 16 1 27 0
852 31 1 29 0
853 16 1 26 0
854 31 1 16 0
855 38 1 199 0
856 36 1 43 0
857 162 1 9 0
858 13 1 138 0
859 61 1 134 0
860 30 1 197 0
861 103 1 16 0
862 14 1 139 0
863 119 1 200 0
864 46 1 185 0
865 28 1 29 0
866 27 1 121 0
867 96 1 38 0
868 162 1 36 0
869 18 1 13 0
870 61 1 30 0
871 14 1 103 0
872 90 1 119 0
873 28 1 46 0
874 31 1 27 0
875 96 1 162 0
876 18 1 61 0
877 90 1 14 0
878 31 1 28 0
879 96 1 18 0
880 90 1 31 0
881 96 1 90 0
882 196 1 78 0
883 119 1 136 0
884 92 1 35 0
885 86 1 73 0
886 81 1 21 0
887 44 1 39 0
888 13 1 29 0
889 15 1 14 0
890 28 1 164 0
891 88 1 61 0
892 84 1 36 0
893 99 1 121 0
894 196 1 62 0
895 119 1 92 0
896 185 1 86 0
897 44 1 81 0
898 15 1 13 0
899 28 1 55 0
900 88 1 84 0
901 99 1 75 0
902 119 1 196 0
903 44 1 185 0
904 15 1 28 0
905 88 1 99 0
906 119 1 44 0
907 88 1 15 0
908 88 1 119 0
909 201 1 202 0
910 2 1 111 0
911 14 1 203 0
912 89 1 158 0
913 204 1 38 0
914 163 1 5 0
915 159 1 129 0
916 205 1 206 0
917 116 1 207 0
918 208 1 19 0
919 3 1 6 0
920 168 1 118 0
921 77 1 201 0
922 2 1 14 0
923 50 1 89 0
924 163 1 204 0
925 159 1 205 0
926 107 1 116 0
927 3 1 208 0
928 28 1 168 0
929 77 1 2 0
930 50 1 163 0
931 159 1 107 0
932 28 1 3 0
933 50 1 77 0
934 28 1 159 0
935 28 1 50 0
936 3 1 127 0
937 157 1 69 0
938 20 1 131 0
939 80 1 139 0
940 209 1 17 0
941 50 1 76 0
942 86 1 121 0
943 15 1 128 0
944 200 1 36 0
945 7 1 136 0
946 206 1 10 0
947 134 1 113 0
948 77 1 3 0
949 157 1 20 0
950 80 1 23 0
951 50 1 209 0
952 15 1 86 0
953 200 1 104 0
954 206 1 7 0
955 75 1 134 0
956 157 1 77 0
957 80 1 50 0
958 15 1 200 0
959 75 1 206 0
960 80 1 157 0
961 75 1 15 0
962 80 1 75 0
963 96 1 55 0
964 130 1 78 0
965 150 1 115 0
966 27 1 28 0
967 51 1 107 0
968 32 1 26 0
969 33 1 36 0
970 77 1 56 0
971 83 1 127 0
972 73 1 106 0
973 119 1 11 0
974 71 1 64 0
975 81 1 92 0
976 158 1 147 0
977 154 1 59 0
978 31 1 72 0
979 96 1 130 0
980 150 1 27 0
981 51 1 32 0
982 77 1 33 0
983 73 1 83 0
984 71 1 119 0
985 81 1 158 0
986 31 1 154 0
987 96 1 150 0
988 77 1 51 0
989 73 1 71 0
990 31 1 81 0
991 96 1 77 0
992 73 1 31 0
993 96 1 73 0
994 93 1 86 0
995 138 1 210 0
996 128 1 33 0
997 8 1 129 0
998 51 1 13 0
999 99 1 112 0
1000 78 1 64 0
1001 136 1 130 0
1002 19 1 75 0
1003 32 1 163 0
1004 7 1 211 0
1005 94 1 15 0
1006 23 1 72 0
1007 24 1 73 0
1008 20 1 104 0
1009 96 1 10 0
1010 93 1 138 0
1011 128 1 8 0
1012 51 1 99 0
1013 78 1 136 0
1014 32 1 19 0
1015 94 1 7 0
1016 24 1 23 0
1017 96 1 20 0
1018 93 1 128 0
1019 51 1 78 0
1020 32 1 94 0
1021 96 1 24 0
1022 93 1 51 0
1023 96 1 32 0
1024 96 1 93 0
1025 93 1 120 0
1026 59 1 86 0
1027 109 1 84 0
1028 73 1 212 0
1029 23 1 110 0
1030 42 1 81 0
1031 127 1 7 0
1032 75 1 99 0
1033 90 1 153 0
1034 20 1 106 0
1035 87 1 213 0
1036 8 1 101 0
1037 62 1 27 0
1038 92 1 144 0
1039 135 1 124 0
1040 95 1 32 0
1041 17 1 31 0
1042 128 1 2 0
1043 14 1 30 0
1044 83 1 159 0
1045 74 1 36 0
1046 66 1 147 0
1047 78 1 38 0
1048 206 1 71 0
1049 25 1 203 0
1050 171 1 112 0
1051 119 1 76 0
1052 18 1 6 0
1053 13 1 214 0
1054 61 1 150 0
1055 37 1 118 0
1056 108 1 178 0
1057 1 1 22 0
1058 140 1 162 0
1059 161 1 15 0
1060 41 1 107 0
1061 88 1 180 0
1062 89 1 193 0
1063 67 1 130 0
1064 26 1 9 0
1065 16 1 70 0
1066 5 1 56 0
1067 136 1 39 0
1068 72 1 131 0
1069 85 1 129 0
1070 4 1 187 0
1071 50 1 215 0
1072 94 1 21 0
1073 51 1 91 0
1074 134 1 43 0
1075 80 1 29 0
1076 104 1 141 0
1077 28 1 63 0
1078 139 1 133 0
1079 157 1 154 0
1080 24 1 46 0
1081 82 1 163 0
1082 10 1 148 0
1083 11 1 53 0
1084 77 1 47 0
1085 55 1 33 0
1086 64 1 79 0
1087 49 1 19 0
1088 96 1 44 0
1089 93 1 59 0
1090 73 1 109 0
1091 23 1 42 0
1092 75 1 127 0
1093 90 1 20 0
1094 8 1 87 0
1095 62 1 92 0
1096 95 1 135 0
1097 17 1 128 0
1098 83 1 14 0
1099 74 1 66 0
1100 78 1 206 0
1101 25 1 171 0
1102 119 1 18 0
1103 13 1 61 0
1104 108 1 37 0
1105 1 1 140 0
1106 161 1 41 0
1107 88 1 89 0
1108 26 1 67 0
1109 16 1 5 0
1110 72 1 136 0
1111 85 1 4 0
1112 94 1 50 0
1113 51 1 134 0
1114 104 1 80 0
1115 28 1 139 0
1116 24 1 157 0
1117 82 1 10 0
1118 11 1 77 0
1119 55 1 64 0
1120 96 1 49 0
1121 93 1 73 0
1122 23 1 75 0
1123 8 1 90 0
1124 62 1 95 0
1125 17 1 83 0
1126 74 1 78 0
1127 25 1 119 0
1128 13 1 108 0
1129 1 1 161 0
1130 26 1 88 0
1131 16 1 72 0
1132 94 1 85 0
1133 51 1 104 0
1134 24 1 28 0
1135 82 1 11 0
1136 96 1 55 0
1137 93 1 23 0
1138 8 1 62 0
1139 74 1 17 0
1140 25 1 13 0
1141 1 1 26 0
1142 16 1 94 0
1143 24 1 51 0
1144 96 1 82 0
1145 93 1 8 0
1146 25 1 74 0
1147 1 1 16 0
1148 96 1 24 0
1149 93 1 25 0
1150 96 1 1 0
1151 93 1 96 0
1152 5 1 162 0
1153 216 1 100 0
1154 11 1 97 0
1155 142 1 127 0
1156 99 1 59 0
1157 107 1 6 0
1158 50 1 112 0
1159 102 1 217 0
1160 64 1 136 0
1161 67 1 10 0
1162 140 1 105 0
1163 38 1 130 0
1164 51 1 5 0
1165 11 1 216 0
1166 83 1 142 0
1167 99 1 107 0
1168 50 1 102 0
1169 104 1 64 0
1170 140 1 67 0
1171 25 1 38 0
1172 51 1 11 0
1173 83 1 99 0
1174 104 1 50 0
1175 25 1 140 0
1176 51 1 83 0
1177 104 1 25 0
1178 51 1 104 0
1179 141 1 60 0
1180 218 1 136 0
1181 131 1 88 0
1182 32 1 78 0
1183 163 1 150 0
1184 11 1 135 0
1185 104 1 219 0
1186 19 1 49 0
1187 57 1 220 0
1188 99 1 138 0
1189 59 1 137 0
1190 10 1 200 0
1191 9 1 141 0
1192 131 1 218 0
1193 77 1 32 0
1194 11 1 163 0
1195 104 1 19 0
1196 64 1 57 0
1197 99 1 59 0
1198 71 1 10 0
1199 131 1 9 0
1200 11 1 77 0
1201 104 1 64 0
1202 71 1 99 0
1203 11 1 131 0
1204 104 1 71 0
1205 104 1 11 0
1206 108 1 22 0
1207 104 1 56 0
1208 2 1 221 0
1209 62 1 187 0
1210 74 1 106 0
1211 64 1 116 0
1212 53 1 89 0
1213 71 1 85 0
1214 77 1 73 0
1215 78 1 115 0
1216 130 1 222 0
1217 82 1 113 0
1218 81 1 72 0
1219 27 1 30 0
1220 11 1 167 0
1221 16 1 59 0
1222 108 1 104 0
1223 62 1 2 0
1224 64 1 74 0
1225 71 1 53 0
1226 77 1 78 0
1227 130 1 82 0
1228 27 1 81 0
1229 16 1 11 0
1230 108 1 62 0
1231 71 1 64 0
1232 130 1 77 0
1233 27 1 16 0
1234 108 1 71 0
1235 27 1 130 0
1236 108 1 27 0
1237 94 1 76 0
1238 20 1 23 0
1239 15 1 10 0
1240 18 1 29 0
1241 25 1 50 0
1242 88 1 187 0
1243 82 1 79 0
1244 8 1 7 0
1245 9 1 75 0
1246 46 1 13 0
1247 24 1 99 0
1248 90 1 129 0
1249 30 1 95 0
1250 104 1 84 0
1251 16 1 139 0
1252 1 1 21 0
1253 94 1 20 0
1254 15 1 18 0
1255 88 1 25 0
1256 82 1 8 0
1257 9 1 46 0
1258 90 1 24 0
1259 104 1 30 0
1260 16 1 1 0
1261 94 1 15 0
1262 88 1 82 0
1263 9 1 90 0
1264 16 1 104 0
1265 94 1 88 0
1266 16 1 9 0
1267 94 1 16 0
1268 95 1 85 0
1269 42 1 197 0
1270 126 1 223 0
1271 92 1 35 0
1272 62 1 11 0
1273 84 1 53 0
1274 47 1 135 0
1275 61 1 57 0
1276 143 1 44 0
1277 120 1 173 0
1278 59 1 22 0
1279 83 1 124 0
1280 117 1 56 0
1281 36 1 213 0
1282 125 1 224 0
1283 108 1 131 0
1284 95 1 42 0
1285 92 1 126 0
1286 62 1 84 0
1287 47 1 61 0
1288 120 1 143 0
1289 59 1 83 0
1290 117 1 36 0
1291 108 1 125 0
1292 95 1 92 0
1293 62 1 47 0
1294 59 1 120 0
1295 108 1 117 0
1296 62 1 95 0
1297 108 1 59 0
1298 108 1 62 0
1299 89 1 82 0
1300 116 1 193 0
1301 111 1 69 0
1302 50 1 106 0
1303 148 1 28 0
1304 79 1 5 0
1305 3 1 225 0
1306 27 1 159 0
1307 226 1 153 0
1308 158 1 168 0
1309 147 1 227 0
1310 41 1 2 0
1311 29 1 6 0
1312 154 1 228 0
1313 163 1 48 0
1314 77 1 206 0
1315 89 1 116 0
1316 50 1 111 0
1317 148 1 79 0
1318 3 1 27 0
1319 226 1 158 0
1320 41 1 147 0
1321 154 1 29 0
1322 77 1 163 0
1323 89 1 50 0
1324 148 1 3 0
1325 41 1 226 0
1326 77 1 154 0
1327 89 1 148 0
1328 77 1 41 0
1329 89 1 77 0
1330 146 1 70 0
1331 136 1 229 0
1332 7 1 230 0
1333 57 1 231 0
1334 232 1 120 0
1335 85 1 233 0
1336 42 1 10 0
1337 157 1 66 0
1338 47 1 209 0
1339 56 1 53 0
1340 128 1 98 0
1341 234 1 69 0
1342 75 1 146 0
1343 7 1 136 0
1344 84 1 57 0
1345 85 1 232 0
1346 42 1 157 0
1347 72 1 47 0
1348 56 1 128 0
1349 8 1 234 0
1350 75 1 7 0
1351 85 1 84 0
1352 72 1 42 0
1353 8 1 56 0
1354 75 1 85 0
1355 72 1 8 0
1356 72 1 75 0
1357 19 1 107 0
1358 33 1 119 0
1359 99 1 100 0
1360 67 1 135 0
1361 140 1 22 0
1362 153 1 129 0
1363 136 1 35 0
1364 78 1 27 0
1365 163 1 155 0
1366 30 1 26 0
1367 76 1 161 0
1368 235 1 42 0
1369 144 1 131 0
1370 56 1 59 0
1371 14 1 40 0
1372 66 1 86 0
1373 19 1 108 0
1374 33 1 85 0
1375 99 1 61 0
1376 50 1 67 0
1377 44 1 140 0
1378 11 1 153 0
1379 136 1 117 0
1380 78 1 88 0
1381 72 1 163 0
1382 30 1 84 0
1383 76 1 73 0
1384 8 1 235 0
1385 92 1 144 0
1386 29 1 56 0
1387 7 1 14 0
1388 9 1 66 0
1389 19 1 33 0
1390 99 1 50 0
1391 44 1 11 0
1392 136 1 78 0
1393 30 1 72 0
1394 76 1 8 0
1395 29 1 92 0
1396 9 1 7 0
1397 19 1 99 0
1398 136 1 44 0
1399 30 1 76 0
1400 29 1 9 0
1401 136 1 19 0
1402 29 1 30 0
1403 136 1 29 0
1404 59 1 120 0
1405 126 1 167 0
1406 135 1 22 0
1407 221 1 67 0
1408 56 1 236 0
1409 55 1 115 0
1410 157 1 117 0
1411 47 1 42 0
1412 187 1 113 0
1413 35 1 11 0
1414 134 1 131 0
1415 57 1 10 0
1416 72 1 59 0
1417 126 1 135 0
1418 62 1 221 0
1419 55 1 56 0
1420 47 1 157 0
1421 187 1 61 0
1422 35 1 134 0
1423 57 1 73 0
1424 72 1 126 0
1425 55 1 62 0
1426 187 1 47 0
1427 35 1 57 0
1428 55 1 72 0
1429 187 1 35 0
1430 55 1 187 0
1431 93 1 67 0
1432 98 1 22 0
1433 100 1 124 0
1434 20 1 129 0
1435 82 1 237 0
1436 59 1 238 0
1437 15 1 42 0
1438 23 1 72 0
1439 8 1 43 0
1440 50 1 143 0
1441 81 1 142 0
1442 71 1 112 0
1443 39 1 185 0
1444 139 1 97 0
1445 26 1 239 0
1446 90 1 206 0
1447 1 1 128 0
1448 200 1 84 0
1449 36 1 138 0
1450 240 1 92 0
1451 53 1 30 0
1452 86 1 29 0
1453 104 1 191 0
1454 118 1 62 0
1455 108 1 85 0
1456 78 1 57 0
1457 66 1 232 0
1458 9 1 157 0
1459 56 1 226 0
1460 27 1 155 0
1461 137 1 120 0
1462 31 1 35 0
1463 51 1 158 0
1464 134 1 107 0
1465 88 1 11 0
1466 44 1 38 0
1467 55 1 187 0
1468 28 1 186 0
1469 14 1 37 0
1470 46 1 130 0
1471 16 1 135 0
1472 127 1 164 0
1473 162 1 69 0
1474 24 1 197 0
1475 64 1 113 0
1476 144 1 115 0
1477 153 1 149 0
1478 95 1 10 0
1479 94 1 241 0
1480 121 1 242 0
1481 7 1 243 0
1482 61 1 3 0
1483 75 1 244 0
1484 19 1 109 0
1485 147 1 223 0
1486 18 1 154 0
1487 111 1 83 0
1488 163 1 119 0
1489 21 1 47 0
1490 77 1 161 0
1491 13 1 32 0
1492 73 1 136 0
1493 99 1 117 0
1494 96 1 76 0
1495 93 1 98 0
1496 20 1 100 0
1497 82 1 59 0
1498 15 1 23 0
1499 8 1 50 0
1500 81 1 71 0
1501 39 1 139 0
1502 90 1 26 0
1503 1 1 200 0
1504 36 1 240 0
1505 86 1 53 0
1506 104 1 118 0
1507 108 1 78 0
1508 9 1 66 0
1509 27 1 56 0
1510 31 1 137 0
1511 51 1 134 0
1512 88 1 44 0
1513 28 1 55 0
1514 14 1 46 0
1515 16 1 127 0
1516 24 1 162 0
1517 144 1 64 0
1518 95 1 153 0
1519 94 1 121 0
1520 7 1 61 0
1521 19 1 75 0
1522 18 1 147 0
1523 163 1 111 0
1524 21 1 77 0
1525 73 1 13 0
1526 96 1 99 0
1527 93 1 20 0
1528 15 1 82 0
1529 8 1 81 0
1530 90 1 39 0
1531 1 1 36 0
1532 104 1 86 0
1533 108 1 9 0
1534 31 1 27 0
1535 51 1 88 0
1536 28 1 14 0
1537 16 1 24 0
1538 95 1 144 0
1539 94 1 7 0
1540 18 1 19 0
1541 21 1 163 0
1542 73 1 96 0
1543 93 1 15 0
1544 90 1 8 0
1545 1 1 104 0
1546 31 1 108 0
1547 51 1 28 0
1548 95 1 16 0
1549 94 1 18 0
1550 21 1 73 0
1551 93 1 90 0
1552 1 1 31 0
1553 51 1 95 0
1554 94 1 21 0
1555 93 1 1 0
1556 94 1 51 0
1557 93 1 94 0
1558 17 1 245 0
1559 136 1 135 0
1560 35 1 20 0
1561 47 1 236 0
1562 49 1 131 0
1563 81 1 246 0
1564 85 1 124 0
1565 247 1 120 0
1566 33 1 234 0
1567 187 1 13 0
1568 130 1 128 0
1569 22 1 151 0
1570 17 1 75 0
1571 136 1 35 0
1572 92 1 47 0
1573 49 1 81 0
1574 85 1 247 0
1575 33 1 117 0
1576 187 1 130 0
1577 83 1 22 0
1578 17 1 136 0
1579 92 1 49 0
1580 33 1 85 0
1581 83 1 187 0
1582 17 1 92 0
1583 83 1 33 0
1584 17 1 83 0
1585 173 1 126 0
1586 53 1 85 0
1587 47 1 42 0
1588 197 1 135 0
1589 160 1 213 0
1590 143 1 11 0
1591 44 1 232 0
1592 117 1 223 0
1593 248 1 249 0
1594 35 1 84 0
1595 22 1 146 0
1596 170 1 36 0
1597 95 1 173 0
1598 47 1 53 0
1599 197 1 62 0
1600 143 1 160 0
1601 117 1 44 0
1602 92 1 248 0
1603 35 1 22 0
1604 83 1 170 0
1605 95 1 47 0
1606 197 1 143 0
1607 117 1 92 0
1608 35 1 83 0
1609 95 1 197 0
1610 117 1 35 0
1611 95 1 117 0
1612 31 1 118 0
1613 76 1 107 0
1614 59 1 157 0
1615 30 1 14 0
1616 16 1 154 0
1617 27 1 137 0
1618 88 1 250 0
1619 56 1 5 0
1620 77 1 109 0
1621 57 1 46 0
1622 193 1 26 0
1623 18 1 37 0
1624 39 1 186 0
1625 28 1 50 0
1626 121 1 66 0
1627 108 1 164 0
1628 31 1 76 0
1629 30 1 59 0
1630 16 1 27 0
1631 88 1 56 0
1632 77 1 57 0
1633 193 1 18 0
1634 28 1 39 0
1635 108 1 121 0
1636 31 1 30 0
1637 16 1 88 0
1638 193 1 77 0
1639 108 1 28 0
1640 31 1 16 0
1641 108 1 193 0
1642 108 1 31 0
1643 251 1 21 0
1644 86 1 56 0
1645 67 1 13 0
1646 92 1 42 0
1647 7 1 15 0
1648 17 1 252 0
1649 23 1 35 0
1650 70 1 66 0
1651 40 1 85 0
1652 104 1 20 0
1653 253 1 179 0
1654 27 1 61 0
1655 251 1 126 0
1656 86 1 67 0
1657 92 1 28 0
1658 7 1 17 0
1659 23 1 70 0
1660 40 1 62 0
1661 104 1 253 0
1662 27 1 8 0
1663 86 1 251 0
1664 7 1 92 0
1665 23 1 40 0
1666 27 1 104 0
1667 7 1 86 0
1668 23 1 27 0
1669 7 1 23 0
1670 67 1 213 0
1671 110 1 78 0
1672 42 1 106 0
1673 99 1 47 0
1674 136 1 26 0
1675 14 1 79 0
1676 140 1 129 0
1677 76 1 157 0
1678 180 1 162 0
1679 61 1 128 0
1680 46 1 30 0
1681 163 1 120 0
1682 56 1 49 0
1683 135 1 131 0
1684 64 1 130 0
1685 119 1 80 0
1686 67 1 9 0
1687 110 1 19 0
1688 42 1 7 0
1689 99 1 29 0
1690 74 1 136 0
1691 27 1 14 0
1692 140 1 17 0
1693 76 1 104 0
1694 85 1 180 0
1695 11 1 61 0
1696 109 1 46 0
1697 163 1 88 0
1698 32 1 56 0
1699 135 1 84 0
1700 81 1 64 0
1701 16 1 119 0
1702 110 1 67 0
1703 42 1 99 0
1704 27 1 74 0
1705 76 1 140 0
1706 85 1 11 0
1707 163 1 109 0
1708 32 1 135 0
1709 16 1 81 0
1710 110 1 42 0
1711 27 1 76 0
1712 163 1 85 0
1713 16 1 32 0
1714 110 1 27 0
1715 16 1 163 0
1716 16 1 110 0
1717 19 1 65 0
1718 78 1 32 0
1719 10 1 69 0
1720 63 1 159 0
1721 100 1 240 0
1722 88 1 206 0
1723 73 1 157 0
1724 129 1 254 0
1725 127 1 147 0
1726 66 1 134 0
1727 137 1 68 0
1728 164 1 175 0
1729 19 1 77 0
1730 10 1 78 0
1731 104 1 63 0
1732 88 1 100 0
1733 73 1 129 0
1734 127 1 15 0
1735 66 1 137 0
1736 164 1 50 0
1737 19 1 10 0
1738 104 1 88 0
1739 73 1 127 0
1740 66 1 164 0
1741 104 1 19 0
1742 73 1 66 0
1743 104 1 73 0
1744 40 1 115 0
1745 78 1 255 0
1746 64 1 150 0
1747 2 1 256 0
1748 107 1 88 0
1749 141 1 28 0
1750 55 1 11 0
1751 33 1 39 0
1752 99 1 154 0
1753 62 1 52 0
1754 72 1 86 0
1755 84 1 120 0
1756 94 1 40 0
1757 64 1 78 0
1758 23 1 2 0
1759 107 1 141 0
1760 55 1 33 0
1761 75 1 99 0
1762 72 1 62 0
1763 167 1 84 0
1764 94 1 64 0
1765 23 1 107 0
1766 55 1 75 0
1767 167 1 72 0
1768 94 1 23 0
1769 55 1 167 0
1770 94 1 55 0
1771 109 1 39 0
1772 127 1 76 0
1773 26 1 106 0
1774 107 1 165 0
1775 15 1 163 0
1776 161 1 121 0
1777 27 1 147 0
1778 203 1 137 0
1779 33 1 4 0
1780 30 1 153 0
1781 100 1 257 0
1782 140 1 144 0
1783 139 1 148 0
1784 14 1 85 0
1785 143 1 43 0
1786 162 1 193 0
1787 109 1 94 0
1788 127 1 92 0
1789 86 1 26 0
1790 82 1 107 0
1791 24 1 15 0
1792 41 1 161 0
1793 27 1 28 0
1794 18 1 203 0
1795 33 1 16 0
1796 30 1 77 0
1797 29 1 100 0
1798 25 1 140 0
1799 8 1 139 0
1800 14 1 88 0
1801 44 1 143 0
1802 31 1 162 0
1803 127 1 109 0
1804 82 1 86 0
1805 41 1 24 0
1806 27 1 18 0
1807 33 1 30 0
1808 25 1 29 0
1809 14 1 8 0
1810 31 1 44 0
1811 82 1 127 0
1812 27 1 41 0
1813 25 1 33 0
1814 31 1 14 0
1815 82 1 27 0
1816 31 1 25 0
1817 31 1 82 0
1818 2 1 258 0
1819 127 1 153 0
1820 27 1 147 0
1821 43 1 193 0
1822 144 1 87 0
1823 39 1 159 0
1824 15 1 26 0
1825 79 1 190 0
1826 100 1 30 0
1827 19 1 5 0
1828 14 1 180 0
1829 76 1 163 0
1830 82 1 2 0
1831 127 1 27 0
1832 43 1 41 0
1833 144 1 39 0
1834 15 1 79 0
1835 100 1 50 0
1836 19 1 14 0
1837 86 1 76 0
1838 82 1 127 0
1839 43 1 144 0
1840 15 1 100 0
1841 19 1 86 0
1842 82 1 43 0
1843 19 1 15 0
1844 82 1 19 0
1845 95 1 20 0
1846 11 1 59 0
1847 81 1 253 0
1848 92 1 135 0
1849 73 1 61 0
1850 150 1 126 0
1851 99 1 64 0
1852 122 1 104 0
1853 62 1 13 0
1854 22 1 35 0
1855 67 1 131 0
1856 23 1 32 0
1857 117 1 130 0
1858 112 1 259 0
1859 17 1 55 0
1860 83 1 33 0
1861 95 1 11 0
1862 92 1 81 0
1863 73 1 150 0
1864 99 1 122 0
1865 62 1 22 0
1866 67 1 23 0
1867 112 1 117 0
1868 17 1 83 0
1869 95 1 92 0
1870 73 1 99 0
1871 62 1 67 0
1872 112 1 17 0
1873 95 1 73 0
1874 62 1 112 0
1875 95 1 62 0
1876 21 1 131 0
1877 85 1 13 0
1878 82 1 50 0
1879 74 1 64 0
1880 41 1 84 0
1881 24 1 77 0
1882 27 1 118 0
1883 151 1 28 0
1884 99 1 16 0
1885 18 1 26 0
1886 62 1 56 0
1887 7 1 81 0
1888 22 1 92 0
1889 20 1 104 0
1890 25 1 11 0
1891 23 1 200 0
1892 29 1 46 0
1893 75 1 130 0
1894 117 1 35 0
1895 44 1 15 0
1896 8 1 39 0
1897 71 1 88 0
1898 66 1 61 0
1899 55 1 158 0
1900 21 1 96 0
1901 82 1 85 0
1902 74 1 41 0
1903 51 1 24 0
1904 95 1 27 0
1905 99 1 151 0
1906 18 1 62 0
1907 1 1 7 0
1908 108 1 22 0
1909 20 1 25 0
1910 23 1 29 0
1911 31 1 75 0
1912 90 1 117 0
1913 44 1 8 0
1914 66 1 71 0
1915 94 1 55 0
1916 82 1 21 0
1917 51 1 74 0
1918 95 1 99 0
1919 18 1 1 0
1920 108 1 20 0
1921 31 1 23 0
1922 90 1 44 0
1923 94 1 66 0
1924 51 1 82 0
1925 95 1 18 0
1926 31 1 108 0
1927 94 1 90 0
1928 95 1 51 0
1929 94 1 31 0
1930 94 1 95 0
1931 35 1 151 0
1932 85 1 135 0
1933 23 1 66 0
1934 8 1 21 0
1935 88 1 28 0
1936 11 1 130 0
1937 13 1 64 0
1938 75 1 246 0
1939 74 1 29 0
1940 104 1 25 0
1941 30 1 61 0
1942 24 1 60 0
1943 117 1 57 0
1944 72 1 99 0
1945 9 1 41 0
1946 82 1 7 0
1947 44 1 260 0
1948 128 1 50 0
1949 261 1 56 0
1950 62 1 27 0
1951 18 1 81 0
1952 16 1 150 0
1953 55 1 26 0
1954 92 1 53 0
1955 93 1 35 0
1956 85 1 23 0
1957 88 1 8 0
1958 31 1 11 0
1959 94 1 13 0
1960 75 1 74 0
1961 104 1 30 0
1962 108 1 24 0
1963 1 1 117 0
1964 72 1 9 0
1965 82 1 44 0
1966 95 1 128 0
1967 51 1 261 0
1968 62 1 18 0
1969 16 1 55 0
1970 96 1 92 0
1971 93 1 85 0
1972 31 1 88 0
1973 75 1 94 0
1974 108 1 104 0
1975 1 1 72 0
1976 95 1 82 0
1977 51 1 62 0
1978 96 1 16 0
1979 93 1 31 0
1980 108 1 75 0
1981 1 1 95 0
1982 96 1 51 0
1983 93 1 108 0
1984 96 1 1 0
1985 93 1 96 0
1986 113 1 128 0
1987 49 1 3 0
1988 36 1 115 0
1989 112 1 242 0
1990 144 1 220 0
1991 136 1 163 0
1992 7 1 238 0
1993 186 1 152 0
1994 187 1 253 0
1995 81 1 154 0
1996 17 1 101 0
1997 111 1 262 0
1998 71 1 113 0
1999 49 1 36 0
2000 24 1 112 0
2001 136 1 144 0
2002 7 1 186 0
2003 55 1 187 0
2004 81 1 17 0
2005 9 1 111 0
2006 71 1 49 0
2007 24 1 136 0
2008 7 1 55 0
2009 81 1 9 0
2010 24 1 71 0
2011 81 1 7 0
2012 24 1 81 0
2013 22 1 157 0
2014 28 1 64 0
2015 59 1 130 0
2016 74 1 115 0
2017 75 1 252 0
2018 150 1 10 0
2019 112 1 72 0
2020 88 1 61 0
2021 82 1 27 0
2022 9 1 263 0
2023 17 1 43 0
2024 107 1 99 0
2025 78 1 42 0
2026 55 1 119 0
2027 23 1 39 0
2028 83 1 73 0
2029 66 1 50 0
2030 7 1 111 0
2031 117 1 11 0
2032 62 1 81 0
2033 18 1 20 0
2034 71 1 98 0
2035 30 1 32 0
2036 13 1 135 0
2037 93 1 22 0
2038 59 1 28 0
2039 74 1 75 0
2040 25 1 150 0
2041 95 1 112 0
2042 82 1 88 0
2043 9 1 17 0
2044 108 1 107 0
2045 51 1 78 0
2046 23 1 55 0
2047 83 1 66 0
2048 90 1 7 0
2049 1 1 117 0
2050 18 1 62 0
2051 71 1 30 0
2052 96 1 13 0
2053 93 1 59 0
2054 25 1 74 0
2055 95 1 82 0
2056 108 1 9 0
2057 51 1 23 0
2058 90 1 83 0
2059 18 1 1 0
2060 71 1 96 0
2061 93 1 25 0
2062 95 1 108 0
2063 51 1 90 0
2064 71 1 18 0
2065 93 1 95 0
2066 51 1 71 0
2067 93 1 51 0
2068 125 1 117 0
2069 57 1 84 0
2070 20 1 223 0
2071 22 1 224 0
2072 120 1 42 0
2073 61 1 85 0
2074 56 1 233 0
2075 197 1 203 0
2076 135 1 53 0
2077 92 1 11 0
2078 160 1 47 0
2079 35 1 143 0
2080 151 1 125 0
2081 57 1 20 0
2082 44 1 22 0
2083 120 1 61 0
2084 56 1 197 0
2085 62 1 135 0
2086 92 1 160 0
2087 35 1 83 0
2088 151 1 57 0
2089 120 1 44 0
2090 56 1 62 0
2091 92 1 35 0
2092 151 1 120 0
2093 92 1 56 0
2094 92 1 151 0
2095 93 1 57 0
2096 78 1 264 0
2097 101 1 10 0
2098 77 1 64 0
2099 108 1 125 0
2100 20 1 109 0
2101 154 1 53 0
2102 115 1 55 0
2103 24 1 84 0
2104 99 1 39 0
2105 69 1 117 0
2106 51 1 136 0
2107 73 1 44 0
2108 120 1 163 0
2109 137 1 265 0
2110 159 1 95 0
2111 93 1 78 0
2112 77 1 101 0
2113 108 1 20 0
2114 154 1 115 0
2115 24 1 99 0
2116 51 1 69 0
2117 73 1 120 0
2118 137 1 159 0
2119 77 1 93 0
2120 108 1 154 0
2121 51 1 24 0
2122 73 1 137 0
2123 108 1 77 0
2124 51 1 73 0
2125 108 1 51 0
2126 266 1 157 0
2127 131 1 163 0
2128 119 1 22 0
2129 10 1 267 0
2130 67 1 223 0
2131 268 1 135 0
2132 59 1 115 0
2133 84 1 186 0
2134 63 1 187 0
2135 197 1 42 0
2136 35 1 253 0
2137 154 1 98 0
2138 266 1 104 0
2139 131 1 119 0
2140 11 1 10 0
2141 67 1 268 0
2142 59 1 84 0
2143 63 1 66 0
2144 35 1 197 0
2145 61 1 154 0
2146 131 1 266 0
2147 11 1 67 0
2148 63 1 59 0
2149 61 1 35 0
2150 131 1 11 0
2151 61 1 63 0
2152 61 1 131 0
2153 136 1 67 0
2154 98 1 178 0
2155 119 1 70 0
2156 109 1 132 0
2157 127 1 163 0
2158 171 1 32 0
2159 92 1 202 0
2160 157 1 57 0
2161 269 1 10 0
2162 131 1 7 0
2163 112 1 99 0
2164 128 1 3 0
2165 25 1 136 0
2166 98 1 119 0
2167 109 1 88 0
2168 171 1 127 0
2169 157 1 92 0
2170 55 1 269 0
2171 112 1 131 0
2172 23 1 128 0
2173 25 1 98 0
2174 171 1 109 0
2175 55 1 157 0
2176 23 1 112 0
2177 25 1 171 0
2178 23 1 55 0
2179 25 1 23 0
2180 154 1 89 0
2181 53 1 49 0
2182 55 1 38 0
2183 40 1 42 0
2184 80 1 47 0
2185 50 1 152 0
2186 61 1 187 0
2187 86 1 133 0
2188 110 1 78 0
2189 20 1 33 0
2190 15 1 67 0
2191 111 1 113 0
2192 1 1 154 0
2193 55 1 53 0
2194 74 1 40 0
2195 80 1 50 0
2196 61 1 86 0
2197 104 1 110 0
2198 15 1 20 0
2199 9 1 111 0
2200 55 1 1 0
2201 74 1 80 0
2202 61 1 104 0
2203 9 1 15 0
2204 74 1 55 0
2205 9 1 61 0
2206 74 1 9 0
2207 14 1 107 0
2208 27 1 26 0
2209 29 1 121 0
2210 109 1 153 0
2211 140 1 173 0
2212 20 1 53 0
2213 13 1 57 0
2214 100 1 139 0
2215 47 1 127 0
2216 56 1 236 0
2217 141 1 224 0
2218 41 1 120 0
2219 8 1 14 0
2220 29 1 27 0
2221 109 1 82 0
2222 20 1 140 0
2223 13 1 100 0
2224 16 1 47 0
2225 56 1 141 0
2226 41 1 23 0
2227 29 1 8 0
2228 20 1 109 0
2229 16 1 13 0
2230 41 1 56 0
2231 29 1 20 0
2232 41 1 16 0
2233 41 1 29 0
2234 183 1 118 0
2235 22 1 53 0
2236 76 1 117 0
2237 50 1 47 0
2238 158 1 270 0
2239 113 1 56 0
2240 27 1 7 0
2241 42 1 32 0
2242 115 1 72 0
2243 135 1 104 0
2244 26 1 100 0
2245 11 1 85 0
2246 112 1 183 0
2247 22 1 76 0
2248 50 1 23 0
2249 158 1 113 0
2250 27 1 42 0
2251 16 1 115 0
2252 26 1 135 0
2253 11 1 130 0
2254 112 1 22 0
2255 50 1 158 0
2256 16 1 27 0
2257 11 1 26 0
2258 50 1 112 0
2259 11 1 16 0
2260 11 1 50 0
2261 99 1 151 0
2262 98 1 138 0
2263 71 1 33 0
2264 86 1 157 0
2265 72 1 7 0
2266 75 1 81 0
2267 9 1 110 0
2268 32 1 136 0
2269 13 1 271 0
2270 78 1 64 0
2271 115 1 80 0
2272 17 1 187 0
2273 99 1 90 0
2274 71 1 98 0
2275 23 1 86 0
2276 72 1 75 0
2277 9 1 32 0
2278 13 1 130 0
2279 78 1 115 0
2280 1 1 17 0
2281 71 1 99 0
2282 23 1 72 0
2283 9 1 13 0
2284 78 1 1 0
2285 71 1 23 0
2286 9 1 78 0
2287 9 1 71 0
2288 64 1 76 0
2289 47 1 109 0
2290 98 1 59 0
2291 50 1 197 0
2292 134 1 63 0
2293 7 1 120 0
2294 85 1 19 0
2295 136 1 141 0
2296 22 1 121 0
2297 10 1 115 0
2298 56 1 127 0
2299 70 1 36 0
2300 1 1 64 0
2301 47 1 98 0
2302 84 1 50 0
2303 7 1 134 0
2304 85 1 136 0
2305 22 1 39 0
2306 56 1 10 0
2307 25 1 70 0
2308 47 1 1 0
2309 7 1 84 0
2310 85 1 22 0
2311 56 1 25 0
2312 7 1 47 0
2313 85 1 56 0
2314 85 1 7 0
2315 19 1 64 0
2316 106 1 119 0
2317 28 1 115 0
2318 59 1 45 0
2319 81 1 154 0
2320 55 1 30 0
2321 88 1 32 0
2322 33 1 272 0
2323 14 1 78 0
2324 40 1 72 0
2325 73 1 39 0
2326 240 1 191 0
2327 95 1 19 0
2328 28 1 106 0
2329 71 1 59 0
2330 55 1 81 0
2331 88 1 33 0
2332 14 1 8 0
2333 40 1 73 0
2334 25 1 240 0
2335 95 1 28 0
2336 71 1 55 0
2337 88 1 14 0
2338 25 1 40 0
2339 95 1 71 0
2340 88 1 25 0
2341 95 1 88 0
2342 157 1 127 0
2343 37 1 118 0
2344 21 1 22 0
2345 42 1 273 0
2346 126 1 274 0
2347 15 1 275 0
2348 24 1 121 0
2349 113 1 276 0
2350 35 1 232 0
2351 32 1 13 0
2352 277 1 7 0
2353 104 1 114 0
2354 157 1 8 0
2355 21 1 37 0
2356 42 1 278 0
2357 15 1 126 0
2358 24 1 113 0
2359 35 1 44 0
2360 32 1 277 0
2361 104 1 16 0
2362 21 1 157 0
2363 42 1 15 0
2364 24 1 35 0
2365 104 1 32 0
2366 21 1 42 0
2367 24 1 104 0
2368 24 1 21 0
2369 99 1 70 0
2370 66 1 46 0
2371 7 1 178 0
2372 59 1 131 0
2373 39 1 138 0
2374 136 1 119 0
2375 81 1 17 0
2376 112 1 127 0
2377 109 1 279 0
2378 83 1 10 0
2379 19 1 130 0
2380 171 1 280 0
2381 99 1 51 0
2382 7 1 66 0
2383 72 1 59 0
2384 136 1 39 0
2385 112 1 81 0
2386 23 1 109 0
2387 83 1 19 0
2388 90 1 171 0
2389 7 1 99 0
2390 72 1 136 0
2391 23 1 112 0
2392 90 1 83 0
2393 7 1 72 0
2394 90 1 23 0
2395 90 1 7 0
2396 93 1 99 0
2397 97 1 136 0
2398 38 1 83 0
2399 82 1 72 0
2400 108 1 85 0
2401 64 1 67 0
2402 76 1 50 0
2403 88 1 90 0
2404 59 1 74 0
2405 41 1 109 0
2406 86 1 107 0
2407 95 1 105 0
2408 75 1 73 0
2409 62 1 61 0
2410 77 1 104 0
2411 92 1 51 0
2412 93 1 97 0
2413 82 1 38 0
2414 108 1 64 0
2415 76 1 88 0
2416 41 1 59 0
2417 95 1 86 0
2418 62 1 75 0
2419 92 1 77 0
2420 93 1 82 0
2421 108 1 76 0
2422 95 1 41 0
2423 62 1 92 0
2424 93 1 108 0
2425 95 1 62 0
2426 93 1 95 0
2427 16 1 148 0
2428 76 1 14 0
2429 43 1 147 0
2430 50 1 281 0
2431 77 1 154 0
2432 46 1 37 0
2433 70 1 144 0
2434 27 1 119 0
2435 118 1 29 0
2436 26 1 137 0
2437 153 1 198 0
2438 30 1 109 0
2439 88 1 232 0
2440 28 1 163 0
2441 4 1 164 0
2442 121 1 82 0
2443 76 1 16 0
2444 50 1 43 0
2445 77 1 46 0
2446 27 1 70 0
2447 26 1 118 0
2448 30 1 153 0
2449 28 1 88 0
2450 4 1 121 0
2451 50 1 76 0
2452 77 1 27 0
2453 26 1 30 0
2454 28 1 4 0
2455 77 1 50 0
2456 26 1 28 0
2457 77 1 26 0
2458 96 1 119 0
2459 55 1 81 0
2460 50 1 88 0
2461 75 1 73 0
2462 16 1 32 0
2463 26 1 230 0
2464 41 1 43 0
2465 82 1 130 0
2466 25 1 209 0
2467 109 1 44 0
2468 18 1 78 0
2469 95 1 64 0
2470 24 1 11 0
2471 72 1 157 0
2472 57 1 30 0
2473 77 1 1 0
2474 96 1 55 0
2475 75 1 50 0
2476 26 1 16 0
2477 41 1 82 0
2478 25 1 109 0
2479 95 1 18 0
2480 24 1 72 0
2481 77 1 57 0
2482 96 1 75 0
2483 41 1 26 0
2484 95 1 25 0
2485 24 1 77 0
2486 96 1 41 0
2487 95 1 24 0
2488 96 1 95 0
2489 93 1 36 0
2490 15 1 53 0
2491 46 1 101 0
2492 28 1 151 0
2493 24 1 282 0
2494 197 1 206 0
2495 76 1 69 0
2496 16 1 153 0
2497 41 1 18 0
2498 42 1 107 0
2499 32 1 29 0
2500 83 1 138 0
2501 134 1 50 0
2502 98 1 163 0
2503 35 1 30 0
2504 95 1 184 0
2505 94 1 173 0
2506 7 1 86 0
2507 155 1 232 0
2508 21 1 136 0
2509 75 1 37 0
2510 56 1 26 0
2511 13 1 159 0
2512 82 1 73 0
2513 25 1 157 0
2514 246 1 162 0
2515 81 1 182 0
2516 44 1 11 0
2517 88 1 115 0
2518 99 1 49 0
2519 131 1 120 0
2520 108 1 147 0
2521 31 1 187 0
2522 85 1 121 0
2523 39 1 161 0
2524 20 1 253 0
2525 23 1 150 0
2526 64 1 124 0
2527 117 1 47 0
2528 109 1 8 0
2529 74 1 247 0
2530 144 1 119 0
2531 84 1 22 0
2532 55 1 100 0
2533 62 1 3 0
2534 17 1 276 0
2535 2 1 137 0
2536 51 1 4 0
2537 1 1 128 0
2538 57 1 223 0
2539 78 1 127 0
2540 27 1 104 0
2541 130 1 164 0
2542 80 1 233 0
2543 61 1 180 0
2544 9 1 112 0
2545 71 1 111 0
2546 135 1 59 0
2547 72 1 67 0
2548 92 1 14 0
2549 19 1 77 0
2550 63 1 10 0
2551 66 1 240 0
2552 96 1 158 0
2553 93 1 15 0
2554 46 1 28 0
2555 24 1 197 0
2556 16 1 76 0
2557 41 1 42 0
2558 32 1 83 0
2559 98 1 134 0
2560 95 1 35 0
2561 94 1 7 0
2562 21 1 155 0
2563 75 1 56 0
2564 13 1 82 0
2565 25 1 246 0
2566 44 1 81 0
2567 99 1 88 0
2568 108 1 131 0
2569 31 1 85 0
2570 39 1 20 0
2571 64 1 23 0
2572 109 1 117 0
2573 74 1 144 0
2574 84 1 55 0
2575 17 1 62 0
2576 51 1 2 0
2577 1 1 57 0
2578 27 1 78 0
2579 80 1 130 0
2580 9 1 61 0
2581 71 1 135 0
2582 92 1 72 0
2583 63 1 19 0
2584 96 1 66 0
2585 93 1 46 0
2586 24 1 16 0
2587 41 1 32 0
2588 95 1 98 0
2589 94 1 21 0
2590 13 1 75 0
2591 25 1 44 0
2592 108 1 99 0
2593 31 1 39 0
2594 109 1 64 0
2595 74 1 84 0
2596 51 1 17 0
2597 1 1 27 0
2598 9 1 80 0
2599 71 1 92 0
2600 96 1 63 0
2601 93 1 24 0
2602 95 1 41 0
2603 94 1 13 0
2604 108 1 25 0
2605 31 1 109 0
2606 74 1 51 0
2607 1 1 9 0
2608 96 1 71 0
2609 93 1 95 0
2610 94 1 108 0
2611 74 1 31 0
2612 1 1 96 0
2613 93 1 94 0
2614 1 1 74 0
2615 1 1 93 0
2616 93 1 31 0
2617 96 1 51 0
2618 94 1 108 0
2619 95 1 1 0
2620 31 1 51 0
2621 96 1 93 0
2622 95 1 94 0
2623 1 1 108 0
2624 96 1 31 0
2625 93 1 51 0
2626 95 1 108 0
2627 1 1 94 0
2628 93 1 95 0
2629 96 1 1 0
2630 93 1 96 0
2631 283 1 53 0
2632 259 1 53 0
2633 53 1 256 0
2634 259 1 283 0
2635 283 1 256 0
2636 259 1 256 0
2637 213 1 203 0
2638 203 1 178 0
2639 203 1 224 0
2640 178 1 213 0
2641 224 1 213 0
2642 224 1 178 0
2643 259 1 224 0
2644 283 1 203 0
2645 259 1 283 0
2646 9 1 115 0
2647 71 1 55 0
2648 55 1 9 0
2649 115 1 80 0
2650 94 1 26 0
2651 129 1 82 0
2652 94 1 82 0
2653 26 1 129 0
2654 46 1 64 0
2655 28 1 11 0
2656 28 1 64 0
2657 284 1 14 0
2658 119 1 99 0
2659 73 1 138 0
2660 119 1 73 0
2661 133 1 62 0
2662 120 1 197 0
2663 44 1 85 0
2664 44 1 120 0
2665 47 1 85 0
2666 93 1 68 0
2667 88 1 32 0
2668 37 1 285 0
2669 88 1 68 0
2670 90 1 3 0
2671 31 1 86 0
2672 31 1 90 0
2673 86 1 100 0
2674 230 1 161 0
2675 49 1 286 0
2676 230 1 49 0
2677 75 1 228 0
2678 9 1 129 0
2679 94 1 74 0
2680 94 1 9 0
2681 119 1 46 0
2682 133 1 21 0
2683 14 1 119 0
2684 139 1 133 0
2685 44 1 37 0
2686 47 1 88 0
2687 57 1 135 0
2688 197 1 37 0
2689 49 1 175 0
2690 75 1 174 0
2691 233 1 175 0
2692 49 1 174 0
2693 94 1 46 0
2694 28 1 287 0
2695 94 1 28 0
2696 46 1 287 0
2697 75 1 47 0
2698 44 1 49 0
2699 75 1 135 0
2700 49 1 47 0
2701 75 1 155 0
2702 94 1 161 0
2703 94 1 75 0
2704 107 1 288 0
2705 257 1 289 0
2706 107 1 257 0
2707 289 1 290 0
2708 118 1 92 0
2709 56 1 291 0
2710 92 1 56 0
2711 118 1 291 0
2712 107 1 292 0
2713 166 1 289 0
2714 107 1 166 0
2715 293 1 294 0
2716 257 1 292 0
2717 293 1 290 0
2718 257 1 293 0
2719 166 1 288 0
2720 295 1 296 0
2721 140 1 297 0
2722 140 1 296 0
2723 297 1 298 0
2724 105 1 270 0
2725 183 1 97 0
2726 270 1 299 0
2727 183 1 300 0
2728 140 1 256 0
2729 136 1 301 0
2730 136 1 140 0
2731 301 1 302 0
2732 183 1 190 0
2733 241 1 270 0
2734 190 1 303 0
2735 241 1 183 0
2736 304 1 171 0
2737 98 1 305 0
2738 98 1 304 0
2739 70 1 305 0
2740 124 1 134 0
2741 59 1 247 0
2742 59 1 124 0
2743 167 1 247 0
2744 61 1 306 0
2745 252 1 307 0
2746 61 1 307 0
2747 147 1 308 0
2748 309 1 310 0
2749 200 1 144 0
2750 309 1 311 0
2751 200 1 310 0
2752 127 1 103 0
2753 81 1 312 0
2754 81 1 127 0
2755 312 1 313 0
2756 83 1 70 0
2757 84 1 314 0
2758 171 1 83 0
2759 70 1 84 0
2760 125 1 72 0
2761 59 1 157 0
2762 157 1 72 0
2763 315 1 188 0
2764 200 1 252 0
2765 61 1 309 0
2766 61 1 200 0
2767 309 1 252 0
2768 30 1 81 0
2769 179 1 78 0
2770 81 1 78 0
2771 95 1 316 0
2772 108 1 304 0
2773 23 1 304 0
2774 108 1 316 0
2775 144 1 317 0
2776 318 1 306 0
2777 319 1 320 0
2778 317 1 318 0
2779 127 1 321 0
2780 206 1 312 0
2781 206 1 127 0
2782 322 1 323 0
2783 324 1 325 0
2784 326 1 327 0
2785 326 1 328 0
2786 329 1 327 0
2787 330 1 331 0
2788 332 1 333 0
2789 330 1 332 0
2790 334 1 335 0
2791 250 1 336 0
2792 337 1 338 0
2793 250 1 337 0
2794 339 1 340 0
2795 165 1 341 0
2796 165 1 342 0
2797 343 1 341 0
2798 330 1 324 0
2799 326 1 344 0
2800 330 1 326 0
2801 324 1 344 0
2802 345 1 346 0
2803 339 1 338 0
2804 345 1 338 0
2805 339 1 347 0
2806 348 1 326 0
2807 343 1 349 0
2808 345 1 350 0
2809 348 1 349 0
2810 76 1 351 0
2811 352 1 353 0
2812 354 1 355 0
2813 352 1 351 0
2814 356 1 357 0
2815 358 1 359 0
2816 360 1 359 0
2817 361 1 362 0
2818 363 1 364 0
2819 365 1 366 0
2820 367 1 368 0
2821 369 1 364 0
2822 370 1 371 0
2823 372 1 373 0
2824 372 1 374 0
2825 373 1 375 0
2826 352 1 376 0
2827 76 1 356 0
2828 76 1 358 0
2829 373 1 369 0
2830 377 1 367 0
2831 374 1 367 0
2832 373 1 352 0
2833 237 1 377 0
2834 354 1 373 0
2835 370 1 352 0
2836 378 1 132 0
2837 128 1 379 0
2838 128 1 378 0
2839 132 1 380 0
2840 381 1 382 0
2841 383 1 384 0
2842 383 1 382 0
2843 381 1 384 0
2844 7 1 267 0
2845 277 1 266 0
2846 266 1 275 0
2847 385 1 386 0
2848 36 1 387 0
2849 263 1 388 0
2850 36 1 263 0
2851 387 1 389 0
2852 390 1 391 0
2853 63 1 392 0
2854 393 1 391 0
2855 392 1 394 0
2856 178 1 395 0
2857 123 1 396 0
2858 123 1 178 0
2859 395 1 397 0
2860 15 1 398 0
2861 399 1 400 0
2862 15 1 399 0
2863 401 1 402 0
2864 403 1 404 0
2865 405 1 406 0
2866 405 1 403 0
2867 404 1 407 0
2868 128 1 383 0
2869 381 1 132 0
2870 128 1 381 0
2871 383 1 132 0
2872 7 1 389 0
2873 36 1 277 0
2874 7 1 36 0
2875 275 1 388 0
2876 123 1 393 0
2877 390 1 408 0
2878 123 1 390 0
2879 408 1 393 0
2880 405 1 400 0
2881 18 1 402 0
2882 409 1 400 0
2883 410 1 411 0
2884 383 1 7 0
2885 276 1 412 0
2886 7 1 412 0
2887 383 1 277 0
2888 408 1 409 0
2889 123 1 405 0
2890 123 1 404 0
2891 405 1 395 0
2892 378 1 211 0
2893 379 1 382 0
2894 379 1 211 0
2895 380 1 382 0
2896 267 1 263 0
2897 387 1 266 0
2898 263 1 266 0
2899 391 1 397 0
2900 392 1 413 0
2901 391 1 414 0
2902 392 1 415 0
2903 403 1 398 0
2904 399 1 416 0
2905 403 1 399 0
2906 417 1 406 0
2907 359 1 418 0
2908 357 1 419 0
2909 419 1 359 0
2910 357 1 420 0
2911 364 1 421 0
2912 372 1 368 0
2913 421 1 366 0
2914 332 1 327 0
2915 422 1 328 0
2916 334 1 325 0
2917 422 1 327 0
2918 336 1 340 0
2919 337 1 341 0
2920 340 1 337 0
2921 423 1 424 0
2922 425 1 288 0
2923 257 1 426 0
2924 257 1 425 0
2925 427 1 428 0
2926 97 1 297 0
2927 105 1 429 0
2928 97 1 429 0
2929 299 1 297 0
2930 64 1 241 0
2931 190 1 11 0
2932 11 1 241 0
2933 1 1 125 0
2934 96 1 188 0
2935 96 1 125 0
2936 230 1 430 0
2937 109 1 99 0
2938 62 1 70 0
2939 62 1 109 0
2940 53 1 215 0
2941 136 1 27 0
2942 41 1 256 0
2943 41 1 136 0
2944 56 1 253 0
2945 31 1 158 0
2946 31 1 56 0
2947 253 1 158 0
2948 107 1 154 0
2949 55 1 289 0
2950 55 1 107 0
2951 39 1 294 0
2952 85 1 68 0
2953 32 1 120 0
2954 32 1 85 0
2955 61 1 179 0
2956 81 1 252 0
2957 61 1 81 0
2958 179 1 252 0
