20 294
1 1 2 2 0
1 3 1 4 0
1 5 1 6 2
1 7 7 8 0
1 9 1 10 2
1 11 2 12 1
1 13 1 14 3
1 15 2 16 3
1 19 3 20 0
2 6 2 9 0
2 18 3 3 1
2 16 2 5 1
2 14 5 19 0
2 12 1 17 2
2 4 0 7 1
2 10 0 11 1
3 19 1 8 2
3 9 0 16 3
3 5 1 2 0
3 11 3 6 1
3 1 1 14 2
3 3 2 7 3
3 14 4 15 2
3 7 3 13 2
4 12 3 3 1
4 2 2 9 1
4 10 0 18 1
4 4 5 19 0
4 6 3 17 2
4 9 2 20 1
5 5 0 14 2
5 19 0 7 4
5 11 4 2 1
5 3 3 13 1
5 18 3 6 2
5 14 2 9 1
5 7 4 1 1
5 4 2 15 0
6 20 1 11 2
6 10 0 3 1
6 13 4 19 1
6 6 2 12 1
6 2 2 17 0
6 16 2 18 1
6 15 0 7 2
6 11 0 14 1
6 3 1 19 0
7 12 1 16 0
7 17 0 20 1
7 18 0 2 2
7 9 0 8 1
7 10 2 6 0
7 14 2 17 1
7 2 3 12 1
7 13 2 15 1
7 7 4 5 1
7 20 2 18 1
8 8 2 11 3
8 19 1 1 0
8 4 0 9 1
8 16 3 10 0
8 18 1 14 0
8 11 2 4 0
8 3 1 1 2
8 15 0 19 1
8 12 1 20 2
8 10 0 2 2
9 6 2 16 0
9 17 0 8 1
9 19 0 5 3
9 7 2 11 1
9 20 0 10 1
9 8 3 18 0
9 4 0 17 5
9 14 5 12 0
9 13 2 9 1
9 1 3 15 0
10 16 4 3 1
10 2 0 6 1
10 17 0 7 3
10 9 3 19 1
10 11 7 13 3
10 3 1 15 2
10 10 1 14 2
11 16 0 2 2
11 7 1 18 0
11 15 1 5 0
11 13 0 17 1
11 1 5 9 0
11 19 2 11 3
11 14 2 6 0
11 2 0 3 1
11 8 0 10 1
11 4 3 12 2
11 20 0 16 1
12 10 3 4 1
12 9 0 15 1
12 6 2 8 1
12 17 0 19 2
12 11 5 1 1
12 18 1 13 3
12 12 1 7 4
12 5 0 9 1
13 15 0 11 5
13 14 7 2 0
13 7 4 10 0
13 1 4 17 3
13 20 2 3 1
13 8 0 16 3
13 13 4 12 0
13 19 1 18 4
13 4 1 6 2
13 2 1 8 0
14 17 3 15 1
14 20 0 14 2
14 18 1 1 2
14 11 4 5 0
14 6 1 7 0
14 10 1 13 2
14 3 3 9 0
14 8 2 20 1
14 7 2 16 1
14 4 1 2 0
15 19 0 10 2
15 14 3 3 0
15 1 5 12 1
15 5 3 17 0
15 20 0 4 1
15 14 3 8 2
15 12 0 15 1
15 10 1 1 3
16 16 1 13 2
16 6 2 19 1
16 18 4 5 2
16 2 2 7 5
16 3 2 11 3
16 15 3 10 0
16 4 0 14 1
16 3 2 8 0
16 7 4 20 0
17 9 1 18 0
17 13 3 2 0
17 1 2 6 0
17 11 3 17 0
17 19 2 16 5
17 10 4 5 0
17 6 6 15 1
17 17 2 3 1
17 12 1 9 2
18 18 0 11 1
18 2 0 19 1
18 8 1 4 0
18 16 5 1 1
18 12 0 11 5
18 20 2 19 0
18 18 1 17 0
19 16 2 15 0
19 6 4 5 2
19 17 4 12 2
19 11 2 10 0
19 13 2 8 3
19 5 1 16 0
19 15 1 2 0
19 9 1 6 5
19 19 2 14 4
20 7 3 4 0
20 1 4 20 0
20 10 1 17 2
20 7 2 3 3
20 4 3 13 2
20 14 4 1 0
20 12 2 18 0
20 20 1 15 0
21 16 3 9 1
21 18 1 10 0
21 15 2 14 0
21 11 4 16 2
21 3 5 12 0
21 19 4 4 1
21 9 2 2 0
21 13 1 7 4
22 14 3 5 0
22 7 6 19 0
22 8 1 15 0
22 16 0 17 2
22 6 1 18 2
22 2 0 11 3
22 10 1 12 0
22 4 0 1 1
23 11 3 20 0
23 1 3 7 1
23 12 0 6 2
23 3 2 10 1
23 19 0 13 1
23 9 3 14 0
23 18 1 16 2
23 6 4 10 0
23 20 1 17 0
24 8 2 9 0
24 7 4 15 1
24 13 1 1 0
24 19 1 3 0
24 12 2 2 0
24 17 0 14 2
24 10 2 16 0
25 5 1 7 0
25 15 1 13 3
25 18 3 20 1
25 11 3 8 0
25 9 0 4 2
25 1 2 19 3
25 14 1 18 0
25 8 0 17 1
25 4 0 11 1
26 19 3 15 1
26 7 7 9 0
26 13 4 5 1
26 1 1 3 0
26 17 0 4 2
26 6 1 2 0
26 10 1 20 0
27 12 0 14 2
27 9 1 13 2
27 11 3 7 4
27 3 2 16 1
27 15 4 1 3
27 4 1 18 2
27 14 1 10 0
27 7 3 17 0
27 13 2 11 1
27 19 1 9 0
28 2 0 16 1
28 8 1 12 3
28 1 1 5 0
28 6 1 14 2
28 17 1 13 0
28 18 0 7 1
28 11 5 19 0
28 3 1 2 3
28 5 1 15 0
29 12 1 4 2
29 10 0 8 2
29 15 1 9 2
29 14 1 16 0
29 7 3 12 1
29 1 0 11 4
29 19 3 17 0
29 20 1 2 0
29 4 4 10 1
29 13 4 18 1
30 8 1 6 2
30 10 1 7 0
30 11 4 15 0
30 16 1 8 0
30 12 0 13 2
30 2 0 14 2
30 3 2 20 1
31 6 3 4 0
31 14 2 20 0
31 1 2 18 1
31 15 2 17 4
31 13 4 10 0
31 19 3 12 1
31 7 2 6 1
31 4 2 16 0
32 12 0 1 1
32 2 1 4 0
32 10 0 19 3
32 11 4 9 0
32 6 3 13 1
32 18 1 15 2
32 3 0 14 1
32 16 2 7 3
32 17 4 5 1
32 19 0 6 3
33 4 0 20 1
33 9 0 17 2
33 5 1 18 0
33 15 3 12 2
33 8 2 14 0
33 8 2 3 0
33 16 4 19 0
34 12 4 5 3
34 17 2 11 0
34 2 1 13 0
34 10 0 15 2
34 4 1 8 0
34 11 3 18 1
35 3 2 17 1
35 9 2 12 1
35 13 3 20 1
35 1 1 16 2
35 5 0 10 1
35 19 1 2 2
