20 290
1 1 0 2 1
1 3 2 4 1
1 5 2 6 1
1 7 2 8 0
1 9 2 10 1
1 11 0 12 2
1 13 3 14 0
1 17 2 18 0
1 19 2 20 1
2 16 2 13 4
2 2 4 9 1
2 6 2 17 0
2 20 0 7 3
2 8 2 19 5
2 4 3 5 1
2 12 3 3 0
2 18 1 11 4
2 10 3 15 1
3 13 2 6 0
3 9 3 16 0
3 11 2 20 0
3 1 0 8 3
3 3 2 18 0
3 15 1 12 3
3 16 2 10 1
4 6 0 19 2
4 14 1 17 2
4 2 2 3 1
4 4 1 13 2
4 12 2 9 0
4 18 0 7 7
4 10 1 8 0
4 16 1 2 2
5 9 3 20 1
5 15 4 6 3
5 1 0 12 2
5 7 2 19 1
5 8 0 13 2
5 4 1 1 0
5 6 2 10 0
6 20 2 16 0
6 12 5 14 0
6 17 0 2 1
6 3 2 11 1
6 14 1 3 4
6 13 4 11 0
6 15 3 18 1
7 10 2 5 0
7 2 3 4 2
7 16 0 6 1
7 7 0 12 3
7 12 2 13 0
7 5 2 20 1
7 4 1 10 0
7 6 2 9 1
7 19 4 2 2
7 8 2 16 1
8 11 1 1 2
8 18 2 14 1
8 3 3 15 2
8 7 4 3 2
8 1 1 6 0
8 14 1 11 0
8 16 1 19 2
8 2 2 8 0
8 9 2 5 0
9 13 2 17 0
9 15 3 4 2
9 10 0 12 1
9 5 0 14 3
9 19 1 13 2
9 8 1 15 0
9 2 4 20 0
9 18 1 10 2
10 3 2 1 0
10 12 1 16 0
10 4 0 19 2
10 13 2 20 1
10 15 0 2 1
10 9 0 8 2
10 11 1 6 0
10 1 3 18 4
10 10 0 7 3
10 3 2 5 1
11 20 1 10 0
11 7 2 11 0
11 6 2 14 1
11 5 2 17 1
11 8 2 3 0
11 19 2 1 1
11 2 3 13 0
12 13 0 15 1
12 3 0 16 1
12 11 0 2 2
12 18 2 6 0
12 17 4 20 1
12 10 1 19 0
13 20 1 4 3
13 16 3 11 0
13 2 1 10 0
13 19 4 3 3
13 9 2 13 4
13 14 0 2 2
14 5 2 8 1
14 12 2 19 1
14 1 2 20 0
14 18 0 16 1
14 17 1 9 0
14 3 2 6 1
14 16 0 1 1
14 19 3 14 0
15 2 4 18 0
15 9 2 11 0
15 13 4 7 2
15 10 0 17 2
15 11 1 10 2
15 6 1 2 4
15 14 1 8 0
16 7 1 4 0
16 12 4 20 0
16 18 0 19 1
16 17 4 16 1
16 3 4 9 1
16 19 1 11 0
16 2 3 12 0
16 20 2 14 0
16 8 2 18 0
17 9 1 7 0
17 4 3 6 0
17 13 2 1 0
17 15 3 17 1
17 10 1 3 3
17 11 0 15 3
17 6 2 20 1
17 5 1 2 4
17 12 4 8 0
17 18 4 4 3
18 3 0 13 3
18 1 3 10 0
18 2 4 1 2
18 12 3 11 0
18 6 1 5 0
18 20 0 19 3
18 16 1 15 2
18 8 1 7 0
19 4 1 3 0
19 18 0 17 2
19 10 2 9 3
19 5 1 4 2
19 11 3 18 1
19 15 1 10 0
19 17 1 6 0
20 3 1 12 3
20 14 0 10 2
20 5 1 19 0
20 6 3 13 0
20 16 0 9 2
20 18 1 3 2
20 2 3 7 1
20 8 0 1 1
21 19 2 6 0
21 13 3 4 1
21 10 3 16 0
21 11 0 8 1
21 1 1 5 0
21 17 1 14 2
21 7 1 18 0
21 4 1 14 0
22 19 1 7 2
22 6 0 15 4
22 5 1 11 2
22 20 3 9 1
22 2 3 16 1
22 18 0 13 2
22 12 3 1 0
22 3 1 17 3
22 14 0 12 1
22 16 2 20 0
23 2 1 17 0
23 11 2 3 3
23 1 0 4 2
23 9 3 18 2
23 6 2 16 1
23 5 3 10 0
24 19 0 9 1
24 8 2 20 0
24 4 0 2 2
24 18 0 15 1
24 17 0 1 2
24 10 1 4 0
24 16 2 8 1
25 7 1 17 0
25 2 1 19 0
25 9 0 6 1
25 13 1 12 0
25 15 2 3 0
25 1 4 11 2
25 3 0 7 2
25 6 3 1 0
25 5 0 9 2
25 19 3 16 1
25 8 0 2 1
26 11 2 14 1
26 4 2 15 4
26 18 3 20 1
26 12 3 10 2
26 17 0 13 1
26 16 0 12 2
26 17 3 11 1
26 14 1 5 0
26 20 0 2 1
26 7 1 6 2
27 13 0 19 1
27 1 5 3 0
27 10 1 18 0
27 12 2 17 1
27 6 2 11 0
27 5 1 3 0
27 20 2 13 4
27 16 3 14 0
27 19 0 4 2
27 8 2 9 0
28 2 2 15 1
28 18 1 1 2
28 14 0 6 2
28 4 3 16 0
28 9 3 15 2
28 13 2 2 0
28 18 0 12 2
28 17 2 5 1
28 3 3 8 0
29 10 1 20 0
29 12 4 15 2
29 16 0 3 1
29 6 0 18 2
29 5 1 12 3
29 20 1 17 2
29 19 2 10 1
29 9 2 1 0
29 15 1 13 0
30 8 1 4 2
30 2 2 11 0
30 12 3 6 1
30 11 2 16 4
30 13 4 9 2
30 1 0 7 4
30 17 2 8 1
30 3 3 19 5
30 4 1 20 0
31 10 0 2 2
31 6 1 3 2
31 20 2 1 1
31 16 0 18 1
31 19 0 12 1
31 8 1 5 2
31 2 1 14 0
31 4 3 11 0
31 15 0 7 2
32 12 2 4 0
32 14 0 19 3
32 5 1 15 0
32 11 0 9 2
32 1 2 16 1
32 17 2 10 0
32 3 4 20 0
32 18 1 2 3
32 20 4 12 1
33 16 0 17 1
33 15 2 1 0
33 10 5 11 3
33 4 1 7 0
33 2 1 6 0
33 19 3 18 4
33 13 3 5 0
33 7 4 9 1
34 6 2 4 1
34 14 1 20 2
34 5 0 16 1
34 11 0 19 1
34 12 0 2 1
34 1 2 13 5
34 18 4 8 2
34 20 2 6 1
34 16 2 7 1
35 8 1 12 0
35 2 3 5 0
35 9 1 14 0
35 4 2 18 1
35 13 5 3 1
35 15 2 11 0
