30 1229
1 1 84 2 101
1 3 100 4 101
1 5 105 6 121
1 7 106 8 108
1 9 79 10 89
1 11 91 12 103
1 13 101 14 105
1 15 95 16 107
1 17 104 18 80
1 19 99 20 119
1 21 89 22 106
1 23 95 24 77
1 25 102 26 109
1 27 104 28 93
2 18 95 29 90
2 28 102 3 120
2 21 90 30 93
2 9 91 13 97
2 15 105 1 98
2 29 114 17 108
2 14 97 12 89
2 30 118 19 111
2 11 81 7 93
2 4 89 20 94
2 22 94 24 103
2 12 92 25 102
2 14 71 8 69
2 5 102 9 90
2 19 104 23 127
3 6 90 27 104
3 17 106 13 105
3 3 109 2 104
3 10 91 21 102
3 26 108 1 95
3 16 114 11 96
3 20 91 28 118
3 7 97 15 108
3 24 98 30 92
3 26 102 16 107
3 8 93 18 96
3 23 95 22 90
3 21 85 5 116
3 6 113 3 118
3 24 110 10 105
4 28 101 30 107
4 2 81 14 93
4 27 104 11 93
4 1 90 17 98
4 7 87 12 81
4 20 112 19 106
4 27 108 16 91
4 8 91 2 100
4 15 98 18 83
4 29 82 22 101
4 21 88 26 100
4 26 110 6 107
4 13 98 5 91
4 16 89 8 96
4 18 95 9 98
5 30 104 23 121
5 17 95 7 86
5 1 91 11 89
5 14 102 20 91
5 10 109 24 131
5 25 92 4 94
5 29 100 28 102
5 12 94 15 96
5 4 81 27 98
5 3 87 22 108
5 12 98 6 101
5 18 99 5 110
5 25 119 8 122
5 29 110 10 101
5 7 95 9 98
6 14 91 21 89
6 13 103 1 112
6 17 118 11 115
6 24 114 20 112
6 15 84 26 103
6 3 105 28 82
6 18 96 25 103
6 6 106 17 101
6 23 98 27 87
6 15 97 12 90
6 22 102 30 106
6 13 92 16 102
6 14 92 7 93
6 2 100 4 99
6 1 96 5 104
7 16 105 3 96
7 28 97 9 96
7 8 92 19 107
7 24 93 21 101
7 23 95 20 107
7 10 100 22 116
7 11 88 26 120
7 9 91 17 102
7 2 111 29 118
7 28 86 12 97
7 4 89 30 85
7 25 91 18 85
7 24 98 3 106
7 4 113 23 100
7 19 102 14 107
8 21 78 7 85
8 8 100 22 102
8 1 100 26 104
8 28 97 25 100
8 21 109 6 94
8 22 130 10 113
8 12 81 16 75
8 27 113 13 101
8 19 102 2 109
8 1 97 18 95
8 5 104 20 112
8 9 103 15 107
8 11 70 3 123
8 5 99 23 107
8 24 110 14 111
9 17 100 26 93
9 16 103 25 114
9 29 122 6 121
9 11 87 27 88
9 10 108 12 87
9 4 93 19 80
9 13 91 2 139
9 28 102 18 100
9 9 96 21 89
9 7 85 1 101
9 8 103 20 95
9 12 99 17 90
9 25 94 29 127
9 13 117 3 131
9 8 87 23 112
10 20 107 30 120
10 9 88 14 95
10 5 87 22 97
10 4 91 24 94
10 28 93 26 111
10 1 93 15 98
10 23 136 19 115
10 7 91 16 84
10 10 93 18 109
10 27 69 21 65
10 20 118 6 114
10 16 95 5 83
10 3 107 8 80
10 10 106 29 97
10 1 107 9 93
11 17 105 30 89
11 27 93 14 119
11 2 93 22 102
11 11 75 4 100
11 19 114 25 109
11 18 113 7 117
11 2 106 24 100
11 21 81 28 98
11 7 122 5 118
11 4 92 29 90
11 21 100 10 107
11 20 88 9 86
11 19 98 27 92
11 8 86 12 88
11 18 99 13 115
12 30 114 1 90
12 6 101 11 90
12 14 92 26 96
12 3 105 15 102
12 30 110 16 93
12 17 88 24 103
12 9 89 25 99
12 1 105 8 100
12 19 106 3 140
12 2 97 10 117
12 28 88 23 101
12 6 100 14 117
12 4 121 13 92
12 5 94 21 92
12 20 122 11 96
13 17 87 22 105
13 7 82 26 124
13 29 78 15 91
13 26 110 29 93
13 3 92 27 95
13 20 106 12 83
13 15 111 7 100
13 24 113 13 101
13 11 83 18 91
13 16 99 1 92
13 5 87 4 99
13 2 106 28 94
13 22 94 6 88
13 10 101 19 94
13 30 91 14 107
14 8 93 16 94
14 23 91 21 86
14 30 113 8 92
14 1 74 29 106
14 12 111 3 100
14 18 86 27 91
14 22 114 11 104
14 20 100 26 104
14 17 97 28 95
14 17 109 10 114
14 23 114 16 97
14 9 86 7 98
14 24 99 2 89
14 25 106 15 102
14 26 126 25 115
15 22 105 8 97
15 15 87 29 113
15 18 102 3 109
15 30 104 9 98
15 24 89 27 102
15 14 99 19 93
15 7 103 13 86
15 28 82 21 97
15 23 111 1 96
15 5 99 11 91
15 10 112 20 120
15 12 100 4 106
15 2 91 25 100
15 17 109 6 102
15 23 106 8 101
16 20 97 10 122
16 7 104 9 88
16 30 102 27 85
16 1 83 12 98
16 13 120 19 119
16 18 78 21 105
16 14 112 22 99
16 24 104 4 112
16 3 106 26 102
16 8 75 25 105
16 12 97 29 109
16 27 117 7 103
16 3 110 11 103
16 30 112 28 96
16 2 80 15 83
17 4 111 6 89
17 17 102 5 84
17 23 104 9 93
17 26 122 19 129
17 16 86 18 79
17 1 93 20 90
17 13 93 22 107
17 14 97 24 85
17 13 101 30 127
17 4 109 11 103
17 10 103 28 101
17 16 86 15 107
17 6 105 25 109
17 3 132 17 129
17 7 108 29 111
18 22 105 10 103
18 19 106 9 96
18 1 97 23 98
18 21 104 2 112
18 5 98 18 93
18 12 99 20 116
18 26 117 24 109
18 9 102 6 109
18 4 93 5 95
18 17 102 8 95
18 14 96 27 105
18 1 86 30 114
18 25 112 16 102
18 3 107 7 105
18 11 85 13 77
19 26 123 28 104
19 19 95 15 111
19 2 85 23 112
19 29 90 18 87
19 12 82 22 88
19 19 96 6 113
19 25 98 5 75
19 18 102 8 103
19 20 118 3 106
19 4 107 14 101
19 16 85 7 109
19 27 114 13 112
19 21 103 11 91
19 12 101 24 102
19 29 105 26 91
20 1 98 28 93
20 10 89 15 119
20 23 112 17 102
20 11 108 9 101
20 20 95 27 100
20 2 100 30 120
20 1 105 24 96
20 13 101 4 123
20 10 84 25 96
20 15 93 6 101
20 7 102 3 125
20 21 96 9 94
20 2 104 19 87
20 16 87 14 103
20 22 103 18 99
21 29 110 5 88
21 25 108 12 92
21 20 120 30 121
21 23 102 13 86
21 28 92 24 101
21 10 107 26 112
21 6 132 15 133
21 26 101 29 105
21 22 98 9 86
21 24 95 19 98
21 3 105 14 114
21 18 93 2 104
21 7 101 21 114
21 16 103 20 97
21 4 96 28 100
22 11 79 25 95
22 5 80 17 105
22 6 87 8 96
22 2 107 3 112
22 16 82 10 102
22 27 93 23 105
22 30 103 12 96
22 22 82 13 90
22 15 91 1 89
22 18 95 4 109
22 29 94 21 103
22 27 113 24 109
22 1 81 25 87
22 18 101 6 95
22 11 70 5 88
23 22 106 17 115
23 8 107 14 113
23 21 111 13 92
23 29 114 2 119
23 9 105 20 103
23 19 112 4 110
23 12 94 26 106
23 16 100 28 95
23 30 96 15 104
23 5 114 8 87
23 23 105 3 98
23 10 96 27 108
23 22 95 12 85
23 30 106 7 111
23 25 99 1 100
24 14 120 11 115
24 9 95 24 90
24 4 99 10 91
24 17 93 16 75
24 19 100 13 94
24 23 128 2 122
24 26 95 18 90
24 20 88 21 112
24 28 84 15 93
24 17 86 25 93
24 8 88 29 97
24 19 91 12 110
24 9 91 30 113
24 6 105 11 87
24 7 96 20 94
25 4 95 22 108
25 1 82 26 95
25 16 95 5 91
25 23 98 14 105
25 28 111 2 119
25 3 107 18 87
25 21 104 24 92
25 13 95 15 109
25 1 92 6 109
25 20 111 8 106
25 25 127 29 98
25 27 115 10 111
25 3 117 9 106
25 12 100 30 102
25 28 105 16 87
26 7 97 22 104
26 14 117 4 116
26 5 89 26 105
26 18 97 17 103
26 21 109 23 114
26 2 99 27 90
26 7 108 24 107
26 13 98 6 114
26 5 91 29 95
26 30 106 10 109
26 26 110 9 100
26 21 104 19 103
26 17 103 14 97
26 15 105 16 103
26 28 101 1 94
27 8 109 11 91
27 22 129 4 119
27 28 86 8 104
27 4 93 3 99
27 12 73 10 76
27 25 104 27 97
27 7 102 30 106
27 22 114 2 88
27 20 99 18 90
27 9 105 5 110
27 14 91 29 105
27 6 84 16 100
27 12 100 13 96
27 2 101 21 99
27 11 96 1 88
28 19 101 24 108
28 18 108 26 118
28 20 104 15 92
28 26 120 17 129
28 10 82 8 110
28 25 105 3 102
28 24 108 23 128
28 22 95 27 110
28 28 97 14 91
28 30 118 4 125
28 30 104 25 107
28 10 96 5 102
28 13 104 29 125
28 2 84 12 96
28 23 105 19 115
29 11 91 16 87
29 8 108 7 101
29 22 115 21 111
29 6 95 1 100
29 3 115 20 124
29 17 99 15 91
29 19 93 17 113
29 23 86 30 100
29 29 91 16 101
29 15 102 18 91
29 21 114 4 106
29 7 107 25 77
29 5 109 6 107
29 19 98 3 102
29 13 102 10 106
30 12 109 9 119
30 27 117 14 111
30 4 90 2 97
30 8 75 21 98
30 29 98 1 89
30 11 93 22 114
30 20 115 24 106
30 12 110 5 85
30 2 100 17 107
30 1 102 8 94
30 13 97 23 110
30 26 110 30 98
30 14 103 16 95
30 25 90 7 85
30 18 129 24 135
31 11 71 28 88
31 6 88 15 101
31 9 103 29 80
31 21 107 3 112
31 26 116 10 102
31 20 116 19 107
31 18 79 22 101
31 27 106 4 110
31 24 99 5 107
31 7 104 8 94
31 15 104 27 103
31 17 92 12 90
31 28 97 30 101
31 1 102 16 101
31 29 101 25 109
32 5 96 17 82
32 15 87 3 114
32 19 111 10 103
32 11 86 23 126
32 4 87 14 95
32 20 106 2 110
32 9 109 1 86
32 26 97 22 102
32 13 94 28 100
32 24 84 6 106
32 7 96 29 80
32 8 83 27 102
32 16 95 12 106
32 18 78 30 99
32 20 134 21 137
33 2 93 4 95
33 10 101 17 106
33 24 110 13 107
33 3 119 6 101
33 29 91 8 87
33 26 105 23 126
33 14 109 19 106
33 12 94 7 91
33 27 83 2 111
33 9 97 18 81
33 15 102 21 109
33 5 100 1 98
33 11 96 20 112
33 25 98 28 92
33 6 104 17 109
34 14 85 10 114
34 16 79 27 115
34 11 91 30 127
34 28 101 13 89
34 8 98 1 90
34 25 115 22 107
34 15 92 4 101
34 3 109 29 90
34 24 95 9 114
34 12 87 19 88
34 5 84 16 88
34 7 95 18 82
34 26 109 20 125
34 8 104 6 95
34 3 96 5 88
35 27 105 17 114
35 21 91 23 117
35 25 107 30 98
35 18 83 14 105
35 10 110 13 101
35 15 92 2 85
35 29 92 11 95
35 19 94 22 98
35 12 105 28 101
35 20 102 7 96
35 9 105 4 104
35 14 86 25 96
35 6 89 5 81
35 28 97 17 77
35 2 94 8 98
36 27 105 29 93
36 9 108 3 95
36 1 90 10 93
36 12 102 23 117
36 19 89 30 114
36 20 113 13 111
36 7 97 11 77
36 21 83 24 104
36 18 91 15 101
36 27 120 18 96
36 16 83 22 99
36 8 103 26 95
36 11 90 5 88
36 25 106 9 103
36 29 94 23 112
37 6 103 12 107
37 1 84 19 101
37 13 84 7 98
37 14 95 2 106
37 28 94 21 99
37 10 118 24 108
37 20 95 4 100
37 17 86 15 102
37 7 87 17 95
37 5 93 9 98
37 28 82 27 97
37 3 100 30 120
37 4 108 13 93
37 8 110 18 82
37 12 92 11 93
38 1 92 22 103
38 6 96 26 109
38 15 89 25 120
38 16 104 30 90
38 22 106 19 94
38 20 110 14 122
38 29 84 24 103
38 2 100 6 108
38 27 113 5 99
38 1 121 17 114
38 9 114 26 111
38 13 110 12 101
38 16 78 19 75
38 25 105 11 87
38 29 100 20 107
39 3 108 24 104
39 23 116 28 105
39 4 93 15 101
39 25 105 6 91
39 14 103 5 92
39 15 105 17 99
39 4 98 8 93
39 3 107 10 114
39 2 105 9 94
39 16 89 23 104
39 27 113 1 120
39 30 100 22 94
39 11 84 26 100
39 21 101 27 112
39 29 109 19 102
40 18 79 7 95
40 17 119 6 103
40 10 89 3 97
40 9 98 12 96
40 29 126 30 121
40 23 115 21 127
40 14 106 1 96
40 2 81 11 96
40 13 99 20 110
40 16 95 24 83
40 22 96 4 110
40 25 110 26 89
40 19 85 28 94
40 5 102 15 80
40 15 99 5 90
41 25 107 17 99
41 12 71 8 80
41 13 113 10 105
41 11 89 9 107
41 23 131 27 106
41 22 98 14 102
41 30 117 24 108
41 21 127 1 99
41 28 69 4 89
41 2 95 26 93
41 9 82 25 93
41 13 80 8 105
41 17 94 29 108
41 10 79 23 122
41 12 98 27 110
42 6 93 30 102
42 3 103 14 95
42 26 92 7 89
42 2 92 18 99
42 19 100 20 115
42 24 94 22 98
42 11 76 15 111
42 4 109 10 99
42 21 94 16 86
42 12 91 25 110
42 16 76 8 78
42 28 92 29 106
42 1 118 9 128
42 27 113 23 126
42 26 86 14 92
43 3 98 13 75
43 19 80 2 96
43 18 98 11 91
43 22 113 20 118
43 5 103 24 100
43 21 105 15 103
43 4 81 17 104
43 5 84 30 123
43 28 101 7 99
43 6 90 22 89
43 21 93 25 103
43 8 90 29 129
43 17 102 3 98
43 6 100 10 99
43 24 101 23 126
44 12 87 16 89
44 2 92 13 84
44 1 106 18 113
44 26 91 11 86
44 27 113 20 111
44 19 85 4 99
44 18 71 8 76
44 11 83 14 101
44 9 86 7 101
44 15 96 22 103
44 5 73 28 108
44 13 100 25 112
44 16 96 17 84
44 21 98 29 108
44 15 117 10 115
45 6 111 23 114
45 27 99 19 87
45 3 106 2 109
45 12 106 1 99
45 30 120 20 100
45 7 95 4 101
45 9 110 26 114
45 10 98 30 102
45 1 94 14 103
45 11 74 2 99
45 13 84 21 92
45 6 99 28 90
45 14 109 3 90
45 29 103 9 95
45 17 113 23 111
46 26 104 12 91
46 15 98 19 92
46 7 109 16 102
46 5 102 25 113
46 22 94 29 99
46 3 94 27 99
46 6 98 13 110
46 10 93 2 85
46 21 92 18 100
46 9 69 11 89
46 15 98 20 106
46 8 86 4 95
46 24 102 26 119
46 30 94 28 89
46 18 82 12 103
47 17 118 19 123
47 10 69 14 99
47 7 115 1 100
47 22 99 25 105
47 27 93 6 87
47 26 127 5 122
47 24 90 29 101
47 3 93 16 72
47 30 103 2 108
47 13 94 11 103
47 17 93 20 99
47 23 100 28 110
47 11 85 25 91
47 8 104 10 86
47 27 101 9 114
48 20 87 23 106
48 24 99 12 94
48 21 74 14 85
48 22 88 7 95
48 29 106 13 90
48 3 108 1 93
48 30 105 4 85
48 26 120 15 116
48 16 83 6 75
48 19 80 18 92
48 30 100 5 102
48 11 84 29 97
48 13 94 3 100
48 25 100 2 115
48 1 97 21 104
49 14 102 20 101
49 7 82 26 75
49 8 92 15 88
49 16 91 9 108
49 6 108 18 97
49 10 98 11 105
49 28 102 22 103
49 23 121 24 96
49 15 96 25 105
49 10 100 6 104
49 3 114 23 128
49 17 90 27 101
49 9 109 12 114
49 19 105 7 113
49 16 101 13 102
50 21 102 2 91
50 1 103 4 110
50 5 109 26 93
50 14 100 28 90
50 15 87 8 94
50 30 94 29 105
50 20 87 22 108
50 3 101 24 78
50 23 116 25 124
50 11 96 6 107
50 18 88 5 92
50 10 88 9 98
50 7 111 27 117
50 29 99 12 103
50 14 89 13 90
51 2 116 21 113
51 19 97 1 103
51 28 93 20 100
51 16 85 4 98
51 30 107 26 123
51 22 101 3 111
51 6 93 7 96
51 17 107 2 72
51 23 106 18 92
51 8 81 11 89
51 24 90 28 102
51 5 77 15 114
51 12 103 8 102
51 19 105 29 120
51 13 112 9 101
52 22 109 27 98
52 25 88 14 94
52 30 108 21 131
52 17 98 1 97
52 20 83 24 85
52 4 82 26 87
52 30 115 3 98
52 21 124 10 114
52 4 95 12 93
52 18 95 16 109
52 5 97 7 103
52 25 117 13 105
52 28 100 2 96
52 23 89 11 84
52 1 80 15 96
53 24 86 17 104
53 9 106 8 78
53 10 106 19 96
53 5 86 14 95
53 27 127 20 118
53 25 88 6 89
53 16 93 29 113
53 28 82 3 87
53 4 104 9 87
53 27 95 30 110
53 24 103 7 111
53 23 94 13 91
53 12 106 2 93
53 14 89 21 105
53 18 83 1 89
54 19 86 22 102
54 15 93 26 95
54 29 98 17 113
54 4 115 30 119
54 3 89 21 104
54 26 105 25 80
54 27 100 3 111
54 17 91 9 100
54 4 99 23 110
54 5 114 19 105
54 10 81 7 89
54 20 109 13 111
54 16 111 18 87
54 2 84 1 95
54 12 106 11 95
55 6 101 24 109
55 22 76 28 92
55 29 127 15 89
55 20 107 17 112
55 21 110 8 103
55 26 76 27 98
55 24 99 30 126
55 2 105 16 91
55 8 81 3 92
55 15 89 9 106
55 23 98 12 104
55 6 111 19 118
55 25 97 7 86
55 29 101 18 83
55 10 94 21 119
56 11 98 1 103
56 14 98 22 92
56 7 71 17 87
56 5 110 10 82
56 13 102 27 113
56 14 90 30 87
56 11 108 16 119
56 26 97 2 100
56 6 115 20 110
56 4 81 28 90
56 26 92 3 99
56 29 102 9 93
56 12 92 21 105
56 23 114 15 107
56 3 87 25 104
57 18 94 6 115
57 8 98 17 86
57 20 110 10 96
57 30 105 27 110
57 11 88 7 104
57 15 77 13 97
57 5 96 2 102
57 16 93 1 90
57 4 95 22 111
57 14 90 24 102
57 19 100 28 97
57 23 99 29 110
57 21 113 20 117
57 1 88 25 95
57 8 98 6 106
58 13 89 17 96
58 28 104 10 82
58 18 121 9 115
58 5 98 27 102
58 29 86 12 93
58 7 93 19 101
58 30 97 14 79
58 16 102 2 104
58 15 81 11 89
58 21 112 22 115
58 4 107 24 96
58 23 113 26 89
58 5 104 3 94
58 25 93 16 91
58 14 101 13 97
59 26 98 18 103
59 4 101 20 74
59 7 75 28 82
59 9 95 15 99
59 23 106 6 101
59 30 96 17 86
59 2 99 10 92
59 29 103 27 105
59 11 74 12 94
59 21 108 19 101
59 8 98 1 83
59 22 110 24 99
59 23 108 5 110
59 2 93 3 102
59 20 98 16 115
60 30 110 13 105
60 26 114 11 103
60 27 96 25 104
60 15 92 17 97
60 19 103 8 104
60 6 79 29 110
60 7 95 10 106
60 28 93 14 82
60 24 124 18 86
60 28 84 6 85
60 8 115 5 91
60 7 93 23 102
60 14 102 27 100
60 18 82 12 105
60 22 98 30 93
61 19 94 16 100
61 10 100 13 85
61 9 85 2 88
61 11 118 21 123
61 20 105 1 100
61 24 85 4 112
61 29 120 26 112
61 21 105 17 108
61 3 75 22 94
61 29 97 25 106
61 20 108 5 100
61 26 94 8 103
61 3 89 23 104
61 9 93 27 103
61 17 84 12 98
62 19 90 14 97
62 6 104 2 98
62 24 114 1 119
62 28 89 11 83
62 10 111 4 120
62 16 97 15 99
62 20 79 29 89
62 27 114 10 100
62 24 109 16 114
62 15 85 7 91
62 22 113 13 121
62 14 89 2 95
62 12 92 18 86
62 25 84 11 92
62 28 95 5 88
63 8 108 9 101
63 30 98 23 106
63 3 100 19 93
63 26 104 21 108
63 6 98 1 103
63 17 105 4 116
63 24 105 25 130
63 14 101 17 91
63 15 95 8 69
63 18 78 10 106
63 13 76 30 89
63 6 100 16 90
63 2 114 7 103
63 23 98 20 80
63 2 111 5 91
64 29 127 3 94
64 1 86 12 118
64 9 85 19 93
64 26 107 4 117
64 18 82 28 87
64 14 92 6 95
64 24 113 8 106
64 25 102 10 115
64 9 98 23 105
64 5 98 16 104
64 1 91 7 97
64 30 120 21 108
64 17 104 11 95
64 13 97 20 106
64 27 100 22 105
65 7 103 12 109
65 18 101 19 94
65 29 128 4 125
65 27 91 28 109
65 14 87 15 107
65 1 88 6 95
65 17 91 8 101
65 30 99 3 129
65 23 103 10 114
65 13 99 21 113
65 24 107 11 114
65 25 96 20 87
65 9 99 22 118
65 16 92 26 102
65 18 94 23 125
66 6 93 12 89
66 7 83 14 96
66 5 94 11 87
66 9 85 28 88
66 24 97 15 113
66 27 100 30 98
66 25 91 19 86
66 10 118 2 111
66 17 100 21 109
66 29 123 1 108
66 18 89 20 102
66 13 97 4 123
66 22 113 26 97
66 11 89 6 108
66 21 115 3 119
67 19 105 23 108
67 26 117 12 98
67 10 81 14 92
67 29 92 16 106
67 5 122 13 106
67 25 110 24 103
67 8 66 28 94
67 22 97 15 105
67 14 95 9 105
67 1 94 27 107
67 8 92 30 99
67 7 84 2 85
67 4 100 18 104
67 12 86 17 103
67 5 92 29 117
68 1 102 3 107
68 25 95 23 114
68 22 104 16 108
68 4 114 7 103
68 6 118 21 122
68 9 83 11 94
68 30 116 24 105
68 13 100 26 105
68 15 88 28 84
68 10 108 27 118
68 28 80 19 73
68 13 95 18 92
68 2 72 20 74
68 7 127 5 129
68 26 92 17 108
69 12 92 29 95
69 14 112 3 101
69 2 96 23 112
69 15 99 30 113
69 10 91 16 108
69 25 115 21 123
69 22 104 1 111
69 18 81 11 97
69 8 91 24 101
69 6 89 4 101
69 17 91 9 107
69 28 91 23 106
69 20 117 27 102
69 5 123 12 111
69 22 86 14 97
70 4 114 25 95
70 9 105 6 97
70 2 100 30 107
70 11 87 19 101
70 29 108 7 90
70 8 109 13 98
70 16 75 21 93
70 10 119 1 100
70 3 92 20 98
70 15 86 24 109
70 18 89 26 106
70 6 110 5 91
70 8 86 17 98
70 15 76 23 107
70 27 110 12 100
71 14 103 18 82
71 13 106 28 104
71 4 94 3 101
71 26 104 9 108
71 16 88 7 89
71 19 117 21 127
71 23 122 22 108
71 11 106 24 107
71 16 93 6 86
71 5 91 8 88
71 11 99 10 85
71 29 111 14 89
71 19 101 13 99
71 27 95 2 93
71 30 111 18 80
72 25 95 1 83
72 24 108 20 99
72 21 91 4 130
72 17 116 26 103
72 22 92 28 89
72 12 103 15 101
72 12 107 7 111
72 16 86 25 99
72 29 98 5 106
72 28 91 10 107
72 13 110 27 120
72 23 107 14 84
72 24 88 2 102
72 6 96 18 92
72 9 111 1 97
73 30 119 11 98
73 22 87 20 81
73 3 76 4 94
73 19 83 26 94
73 8 107 15 110
73 18 80 17 111
73 25 100 8 115
73 23 108 7 95
73 10 114 22 120
73 21 89 28 94
73 30 119 6 106
73 19 99 5 107
73 11 86 29 87
73 3 99 12 104
73 9 102 16 109
74 13 88 2 110
74 21 109 20 97
74 14 89 4 103
74 27 99 15 91
74 7 88 25 101
74 6 116 8 104
74 24 83 14 97
74 28 104 13 84
74 19 113 11 111
74 20 86 22 109
74 27 96 26 99
74 12 106 5 111
74 25 95 9 105
74 23 110 30 106
74 4 95 16 81
75 12 87 6 100
75 9 78 8 102
75 24 111 27 115
75 2 113 19 92
75 17 91 7 95
75 26 113 13 99
75 5 100 18 98
75 3 135 21 131
75 4 103 1 91
75 30 126 22 122
75 10 84 28 98
75 11 93 15 106
75 16 88 29 114
75 27 108 3 101
75 20 106 23 107
76 7 110 6 101
76 26 109 5 114
76 9 82 17 88
76 8 74 12 93
76 22 107 19 77
76 21 92 14 100
76 1 97 13 84
76 2 101 24 95
76 10 93 4 123
76 18 87 15 101
76 5 99 25 131
76 11 91 8 92
76 23 123 3 110
76 30 107 10 92
76 16 98 9 99
77 15 92 14 83
77 1 97 7 90
77 28 85 20 87
77 2 90 22 99
77 6 117 26 116
77 17 94 29 99
77 16 89 12 112
77 30 106 19 78
77 11 91 18 101
77 27 115 21 112
77 28 101 24 95
77 23 92 4 107
77 22 96 5 106
77 20 69 25 96
77 19 100 30 105
78 8 100 16 105
78 23 100 2 103
78 4 113 21 88
78 13 111 24 116
78 25 114 5 111
78 26 92 8 74
78 20 104 3 107
78 19 101 10 119
78 6 113 9 103
78 2 74 14 110
78 29 104 7 99
78 12 102 18 86
78 17 103 1 105
78 15 119 11 90
78 13 91 22 116
79 27 98 4 110
79 24 91 28 103
79 22 105 23 116
79 17 89 16 78
79 8 80 25 104
79 15 80 5 117
79 6 99 29 90
79 3 144 10 143
79 12 107 9 103
79 4 104 27 103
79 13 98 19 106
79 20 75 2 90
79 7 99 18 91
79 24 103 21 116
79 26 101 1 99
80 14 89 28 88
80 11 107 17 114
80 13 101 23 110
80 14 86 30 94
80 26 107 16 104
80 18 80 1 79
80 28 111 22 105
80 29 78 6 117
80 24 111 10 122
80 8 77 9 116
80 2 114 27 121
80 21 104 12 116
80 3 120 19 106
80 5 73 7 96
80 20 91 4 107
81 25 99 15 108
81 18 112 25 108
81 17 113 5 86
81 27 100 8 90
81 9 97 29 109
81 14 107 23 111
81 10 103 30 110
81 1 93 16 100
81 2 100 13 88
81 22 90 21 101
81 7 107 11 97
81 19 92 24 102
81 3 92 28 109
81 26 93 6 95
81 15 95 12 99
82 30 112 20 101
82 1 88 5 101
82 25 85 17 91
82 15 108 29 113
82 22 98 3 114
82 10 126 23 133
82 28 91 27 117
82 24 122 19 99
82 12 83 14 95
82 6 105 7 100
82 21 138 13 113
82 4 103 2 108
82 9 112 18 90
82 16 105 11 101
82 8 87 26 92
