33 1319
1 1 4 2 3
2 3 2 4 1
3 5 4 6 0
4 7 4 8 2
5 1 2 9 1
6 10 6 4 4
7 11 6 12 4
8 13 3 14 1
9 15 2 3 1
10 16 3 17 2
11 18 3 19 2
12 20 3 21 2
13 22 3 23 2
14 24 5 25 0
15 8 5 26 2
16 27 6 28 2
17 29 5 30 3
18 21 4 8 1
19 10 5 17 1
20 11 5 2 2
21 19 3 16 2
22 12 3 15 2
23 29 4 30 3
24 1 4 4 3
25 13 5 20 2
26 9 4 3 0
27 18 4 23 1
28 22 6 14 2
29 28 3 6 2
30 24 3 25 0
31 7 5 26 4
32 5 3 27 0
33 2 6 20 3
34 31 4 27 1
35 25 2 3 1
36 12 5 14 1
37 19 1 17 0
38 16 7 1 1
39 23 4 13 2
40 12 4 4 3
41 29 6 20 3
42 5 6 9 5
43 14 4 30 3
44 2 3 25 2
45 10 2 16 1
46 8 3 18 2
47 31 6 26 1
48 8 2 22 1
49 3 3 15 2
50 28 7 26 4
51 9 6 10 2
52 23 3 11 2
53 20 2 30 1
54 29 4 5 3
55 19 5 25 3
56 1 6 3 4
57 31 1 21 0
58 17 1 14 0
59 13 3 8 2
60 15 4 2 1
61 18 2 27 0
62 7 2 26 0
63 12 2 24 1
64 9 2 17 1
65 19 3 13 2
66 3 4 14 0
67 5 4 10 2
68 1 3 25 2
69 15 1 2 0
70 11 3 32 1
71 33 6 23 5
72 22 2 18 1
73 21 6 28 1
74 16 4 7 2
75 31 2 24 1
76 20 4 5 0
77 8 4 27 1
78 12 3 21 0
79 26 3 16 2
80 20 4 10 3
81 3 5 5 3
82 2 5 32 2
83 1 2 15 1
84 27 3 30 1
85 18 4 28 3
86 22 4 4 0
87 23 6 7 3
88 16 2 8 1
89 17 4 25 3
90 33 5 11 3
91 26 3 9 2
92 12 4 14 1
93 29 3 3 2
94 15 4 11 3
95 18 3 22 2
96 7 4 21 1
97 24 2 28 0
98 8 5 30 0
99 13 5 5 4
100 31 2 14 0
101 23 3 10 2
102 16 4 27 2
103 25 7 7 3
104 26 6 30 3
105 12 4 13 1
106 14 2 5 1
107 3 4 2 1
108 29 7 23 5
109 1 3 20 1
110 33 4 15 2
111 10 3 19 2
112 21 3 22 2
113 11 3 18 0
114 24 7 16 2
115 28 2 17 1
116 9 3 8 1
117 27 2 25 1
118 31 5 13 2
119 22 2 19 1
120 5 4 12 1
121 7 4 9 2
122 20 5 24 4
123 26 3 1 0
124 24 4 3 3
125 33 3 6 2
126 11 8 10 3
127 19 5 13 2
128 27 4 32 3
129 2 4 14 0
130 16 7 28 3
131 21 4 23 3
132 12 1 22 0
133 1 2 8 1
134 5 3 25 2
135 7 4 30 1
136 15 4 9 2
137 18 4 26 1
138 11 3 6 0
139 10 2 27 1
140 3 3 14 2
141 16 4 4 3
142 17 2 28 1
143 22 5 19 4
144 21 2 12 0
145 24 4 5 3
146 25 5 32 0
147 7 3 1 2
148 2 4 13 1
149 15 5 6 2
150 12 2 23 1
151 8 4 18 3
152 10 3 13 2
153 30 3 28 0
154 17 2 4 1
155 3 4 19 2
156 27 1 20 0
157 11 5 14 0
158 16 4 9 3
159 2 3 22 2
160 24 4 23 1
161 21 3 25 2
162 7 3 26 2
163 5 3 32 1
164 14 3 15 2
165 30 3 6 2
166 28 6 9 5
167 8 6 1 2
168 12 3 25 2
169 27 1 22 0
170 18 3 7 1
171 21 4 20 3
172 33 4 26 1
173 30 4 13 2
174 3 2 17 1
175 8 4 9 3
176 19 3 15 1
177 22 5 1 0
178 21 1 10 0
179 27 3 18 1
180 11 4 24 1
181 31 3 23 1
182 7 5 25 2
183 28 3 2 2
184 1 2 14 1
185 20 4 15 3
186 29 3 12 2
187 33 4 17 1
188 3 5 26 2
189 16 5 8 2
190 19 3 24 0
191 21 4 10 3
192 11 4 27 3
193 18 3 23 2
194 25 4 2 3
195 29 2 6 1
196 7 3 5 2
197 26 3 14 2
198 30 3 13 2
199 15 4 10 2
200 9 3 22 2
201 28 3 12 2
202 8 6 17 4
203 2 5 20 4
204 1 4 24 1
205 27 2 19 1
206 33 4 25 3
207 16 7 13 4
208 11 6 14 1
209 5 5 23 3
210 18 2 21 1
211 9 4 30 3
212 29 1 28 0
213 31 5 7 1
214 26 3 20 1
215 16 4 15 3
216 22 5 5 2
217 7 2 12 1
218 2 5 19 3
219 3 4 10 2
220 30 4 8 1
221 9 4 13 2
222 20 5 11 0
223 10 3 24 1
224 29 6 25 0
225 1 3 27 0
226 17 4 5 1
227 21 6 14 1
228 18 3 26 2
229 22 3 16 2
230 23 4 28 3
231 7 4 19 3
232 2 6 3 1
233 12 6 6 5
234 25 4 20 3
235 27 3 30 1
236 5 2 16 1
237 1 5 3 1
238 21 4 18 3
239 24 6 14 3
240 8 5 28 3
241 19 4 26 3
242 23 2 6 0
243 10 1 9 0
244 13 4 4 3
245 11 2 2 1
246 29 4 17 3
247 15 4 22 1
248 28 5 7 0
249 3 2 30 1
250 24 2 23 1
251 31 3 12 2
252 11 3 20 2
253 13 2 5 1
254 18 2 27 1
255 14 6 2 2
256 16 5 32 2
257 25 3 10 2
258 1 6 4 3
259 21 4 9 1
260 8 4 19 2
261 5 2 30 0
262 24 4 27 3
263 22 6 23 2
264 1 4 15 1
265 17 6 12 2
266 28 2 26 1
267 16 5 20 1
268 15 5 13 0
269 3 2 21 0
270 29 5 16 2
271 14 4 5 1
272 18 9 2 2
273 11 4 1 0
274 27 3 10 1
275 30 6 23 4
276 9 2 28 1
277 8 4 12 3
278 31 5 17 2
279 7 5 26 4
280 20 2 4 0
281 24 3 4 2
282 19 3 18 2
283 1 4 21 1
284 2 5 16 2
285 15 4 27 3
286 23 3 28 1
287 22 4 8 3
288 9 3 25 2
289 12 4 7 3
290 17 3 5 2
291 31 3 30 2
292 3 4 13 3
293 29 5 11 4
294 10 2 26 0
295 21 3 19 2
296 14 2 9 1
297 1 2 3 0
298 2 4 15 1
299 29 4 11 1
300 33 4 13 2
301 16 2 24 1
302 23 5 6 4
303 18 3 17 2
304 25 4 30 3
305 8 5 10 4
306 22 7 26 1
307 28 4 5 3
308 21 4 27 2
309 20 5 1 0
310 12 2 28 1
311 7 4 22 1
312 11 3 3 2
313 29 1 4 0
314 24 4 17 1
315 15 4 19 3
316 27 4 13 2
317 18 4 6 3
318 19 3 21 2
319 23 3 26 2
320 25 4 28 3
321 7 2 10 0
322 12 3 8 2
323 27 2 14 1
324 29 3 9 2
325 16 4 20 3
326 11 4 2 3
327 15 5 4 2
328 17 1 30 0
329 31 4 24 0
330 22 3 25 2
331 8 2 5 0
332 18 1 26 0
333 20 3 4 0
334 22 4 12 1
335 9 5 32 2
336 3 2 27 1
337 14 2 1 1
338 7 5 13 0
339 30 4 11 2
340 15 5 10 4
341 17 3 19 2
342 21 4 26 3
343 24 5 23 4
344 2 6 9 2
345 20 5 4 2
346 29 3 10 1
347 11 3 30 2
348 14 4 1 3
349 16 4 19 1
350 18 2 13 1
351 21 3 24 2
352 25 5 23 2
353 8 3 28 0
354 22 4 6 1
355 5 6 12 4
356 15 5 7 3
357 13 2 17 1
358 16 6 20 3
359 1 4 25 3
360 28 5 26 2
361 12 3 3 2
362 29 3 19 2
363 11 1 10 0
364 7 4 9 3
365 30 2 18 1
366 17 4 15 3
367 14 2 16 1
368 2 5 23 3
369 8 5 28 2
370 5 2 4 1
371 31 2 3 0
372 24 2 1 1
373 22 4 21 1
374 27 3 26 2
375 12 5 4 4
376 7 3 11 0
377 9 2 30 1
378 16 5 14 0
379 15 5 23 2
380 10 5 2 3
381 13 4 17 3
382 29 2 19 1
383 18 4 21 3
384 8 4 25 3
385 31 4 28 0
386 5 7 3 4
387 27 6 25 2
388 12 5 24 4
389 22 4 1 3
390 11 3 19 2
391 21 6 32 4
392 33 2 6 1
393 17 3 14 2
394 15 3 20 2
395 13 3 16 1
396 22 3 18 1
397 2 5 7 2
398 23 4 1 1
399 9 4 10 1
400 3 5 28 2
401 5 3 8 2
402 12 4 27 3
403 15 3 30 1
404 19 4 7 3
405 26 2 5 1
406 10 2 30 1
407 20 4 11 3
408 21 4 17 2
409 13 3 4 2
410 22 3 10 2
411 2 4 8 1
412 9 5 16 3
413 14 1 6 0
414 1 3 7 1
415 24 5 32 4
416 27 5 23 2
417 18 3 25 0
418 5 5 26 2
419 2 2 15 1
420 12 2 26 1
421 13 3 9 2
422 22 3 3 2
423 14 4 8 3
424 33 4 10 1
425 31 5 19 3
426 16 2 30 1
427 21 6 32 3
428 18 5 28 1
429 25 4 27 3
430 5 2 24 1
431 11 3 8 1
432 17 3 15 2
433 1 6 6 2
434 12 4 26 2
435 19 3 3 2
436 33 5 30 1
437 13 4 11 3
438 2 4 15 1
439 9 4 16 2
440 14 4 17 3
441 12 4 27 1
442 29 3 22 2
443 24 4 28 3
444 23 4 10 3
445 20 5 7 1
446 21 3 25 2
447 5 2 18 0
448 2 4 6 3
449 22 2 8 1
450 20 2 26 0
451 29 3 10 2
452 11 4 16 2
453 14 5 19 4
454 16 3 4 1
455 2 6 12 2
456 17 2 9 1
457 1 4 30 1
458 13 1 15 0
459 18 3 3 2
460 21 5 6 2
461 27 5 14 1
462 22 5 24 3
463 28 2 26 1
464 20 5 8 2
465 19 2 10 0
466 3 3 24 2
467 23 2 7 0
468 9 5 13 4
469 30 4 2 1
470 11 1 25 0
471 17 2 4 1
472 12 2 1 1
473 31 6 21 4
474 5 4 26 3
475 10 3 16 2
476 19 6 12 2
477 29 2 15 1
478 27 2 3 1
479 23 2 8 1
480 31 4 28 2
481 13 3 22 2
482 25 5 14 1
483 9 4 10 0
484 1 4 19 1
485 33 7 2 4
486 29 3 16 1
487 20 3 30 2
488 11 3 17 1
489 18 6 24 5
490 7 3 8 2
491 5 3 21 2
492 23 6 26 5
493 25 2 15 1
494 20 1 30 0
495 22 4 2 0
496 3 4 14 3
497 33 4 27 3
498 9 2 19 1
499 18 5 13 1
500 17 4 11 3
501 7 7 28 1
502 12 3 5 2
503 8 4 6 3
504 20 4 9 2
505 33 5 24 2
506 30 2 10 1
507 1 3 32 1
508 2 4 23 0
509 3 5 18 3
510 16 4 11 3
511 15 6 14 3
512 28 5 26 1
513 25 5 21 0
514 27 5 22 1
515 13 6 3 2
516 27 4 24 3
517 16 2 30 1
518 14 4 32 3
519 15 3 19 2
520 28 2 12 1
521 20 3 10 1
522 9 3 11 0
523 23 4 21 3
524 18 4 4 1
525 22 5 25 2
526 31 3 5 1
527 8 4 26 1
528 17 6 2 4
529 12 2 7 1
530 1 3 30 1
531 29 4 9 3
532 3 5 15 2
533 10 3 11 1
534 19 5 14 2
535 16 3 2 2
536 24 3 27 2
537 21 3 25 0
538 22 5 18 4
539 23 3 20 2
540 8 2 6 1
541 28 4 4 2
542 1 2 17 1
543 18 3 21 2
544 26 3 6 2
545 7 3 5 1
546 29 5 27 2
547 20 5 17 2
548 16 5 14 1
549 11 2 30 1
550 2 4 3 3
551 13 3 24 1
552 15 3 10 1
553 5 3 12 0
554 23 6 28 0
555 25 4 4 3
556 8 4 26 3
557 9 3 22 2
558 31 3 7 2
559 11 6 16 3
560 17 2 14 0
561 30 2 4 1
562 1 4 10 2
563 24 3 2 1
564 25 2 26 1
565 29 2 8 1
566 12 4 21 3
567 19 3 3 2
568 18 7 6 6
569 20 6 14 1
570 27 5 2 1
571 1 4 11 1
572 10 5 4 2
573 28 6 13 3
574 23 7 24 1
575 7 4 15 1
576 21 7 5 2
577 30 2 3 1
578 9 4 17 3
579 16 4 19 2
580 12 4 18 3
581 22 5 23 4
582 13 4 25 3
583 26 5 32 2
584 5 3 27 2
585 10 4 14 1
586 33 2 19 1
587 16 4 1 2
588 18 3 30 2
589 5 4 24 3
590 25 2 22 0
591 13 4 23 2
592 21 6 28 0
593 15 4 26 2
594 7 3 32 2
595 9 6 2 2
596 3 3 11 2
597 15 3 8 2
598 20 4 12 1
599 33 3 9 2
600 3 3 10 0
601 30 5 14 2
602 21 7 5 2
603 18 3 23 2
604 22 4 24 2
605 28 4 27 1
606 25 5 19 2
607 17 3 7 1
608 20 4 6 3
609 29 3 10 2
610 16 2 14 1
611 2 5 13 2
612 17 6 8 5
613 26 5 22 2
614 3 3 4 1
615 18 3 24 1
616 25 4 23 3
617 11 2 1 1
618 19 5 28 1
619 29 5 13 2
620 9 3 15 1
621 21 5 30 4
622 20 3 5 1
623 27 5 6 4
624 8 1 7 0
625 17 4 26 2
626 22 4 24 1
627 12 5 27 4
628 33 7 16 3
629 9 2 25 1
630 31 2 2 0
631 29 3 20 0
632 15 3 14 1
633 3 4 16 3
634 11 7 24 2
635 30 3 25 2
636 27 8 17 2
637 18 5 7 1
638 21 4 26 2
639 23 5 19 4
640 5 3 28 2
641 1 3 13 2
642 9 1 4 0
643 12 4 2 0
644 10 5 6 3
645 7 4 4 0
646 3 3 20 0
647 24 7 14 0
648 19 4 1 1
649 16 3 26 2
650 25 4 17 2
651 15 3 21 2
652 27 2 23 1
653 8 4 28 1
654 5 3 2 1
655 29 6 11 3
656 20 2 13 1
657 7 3 30 0
658 18 4 9 3
659 27 4 22 2
660 12 5 10 1
661 1 6 32 4
662 13 3 3 1
663 16 3 25 2
664 21 3 2 0
665 15 5 18 2
666 26 3 17 2
667 33 4 14 3
668 30 3 19 2
669 23 5 9 4
670 24 3 28 1
671 12 3 6 2
672 8 4 5 3
673 20 5 11 2
674 23 6 22 3
675 27 4 28 3
676 15 6 14 4
677 29 7 4 4
678 30 4 2 1
679 7 2 17 1
680 13 3 24 1
681 21 3 25 1
682 10 5 5 2
683 8 2 6 1
684 26 5 9 4
685 20 3 19 2
686 16 4 7 1
687 33 3 11 2
688 15 5 24 4
689 1 2 18 1
690 22 6 28 1
691 3 3 23 1
692 19 4 2 3
693 22 3 11 2
694 27 4 13 0
695 12 6 8 3
696 25 3 3 2
697 5 4 6 2
698 29 4 20 1
699 11 5 27 3
700 33 4 28 3
701 13 4 9 3
702 30 4 16 2
703 15 5 17 4
704 1 3 23 2
705 18 4 25 3
706 8 4 14 1
707 24 2 26 1
708 12 4 7 0
709 10 2 2 1
710 9 4 11 0
711 31 4 22 3
712 1 1 20 0
713 33 5 27 2
714 3 5 32 2
715 28 3 2 1
716 23 6 19 3
717 17 3 13 2
718 16 5 15 1
719 21 5 18 4
720 24 1 8 0
721 26 3 14 2
722 5 6 12 3
723 11 2 10 1
724 21 3 30 2
725 25 3 18 0
726 7 5 14 2
727 22 4 12 1
728 1 1 9 0
729 15 4 32 1
730 19 7 28 2
731 3 3 6 1
732 20 4 30 1
733 23 5 27 2
734 33 1 2 0
735 10 3 17 1
736 16 3 13 1
737 8 4 26 2
738 5 2 22 0
739 28 3 1 2
740 21 4 9 3
741 18 4 11 0
742 24 4 7 2
743 20 6 17 3
744 8 5 27 2
745 26 5 5 4
746 10 2 19 1
747 17 4 32 2
748 9 4 6 0
749 28 4 13 1
750 14 3 1 2
751 24 3 22 0
752 21 2 16 1
753 18 4 2 3
754 25 3 23 2
755 12 5 30 4
756 7 3 27 2
757 20 3 3 2
758 11 2 26 0
759 8 3 5 1
760 29 3 4 2
761 21 3 14 0
762 17 3 6 2
763 9 2 19 1
764 12 5 18 2
765 16 5 23 3
766 30 2 28 1
767 15 3 25 0
768 5 5 7 1
769 10 4 2 1
770 9 3 12 2
771 13 7 21 1
772 22 2 27 1
773 11 4 8 0
774 18 3 20 2
775 31 4 16 2
776 3 2 32 1
777 13 4 19 1
778 1 6 10 2
779 14 3 23 2
780 2 5 26 1
781 15 3 28 1
782 24 1 25 0
783 7 5 11 0
784 30 5 5 4
785 22 4 21 2
786 18 3 17 2
787 33 3 9 1
788 23 3 20 2
789 16 5 12 3
790 29 3 14 2
791 27 5 25 3
792 1 3 3 1
793 31 4 13 3
794 26 2 10 1
795 24 5 7 3
796 28 3 22 2
797 8 4 5 1
798 19 2 14 1
799 29 3 26 2
800 23 5 3 3
801 1 2 4 1
802 17 6 12 2
803 20 5 2 4
804 18 3 16 2
805 21 2 28 1
806 27 2 24 1
807 11 4 15 1
808 7 5 22 4
809 9 5 5 4
810 29 3 2 2
811 12 2 30 1
812 26 4 1 3
813 11 5 19 4
814 21 6 16 3
815 24 2 17 1
816 18 3 27 1
817 20 6 25 3
818 31 5 8 3
819 13 4 4 3
820 22 3 10 1
821 23 2 17 0
822 5 4 28 2
823 7 5 3 2
824 19 7 26 2
825 29 6 13 3
826 27 5 15 4
827 1 2 2 1
828 18 3 10 1
829 20 5 28 1
830 24 6 30 3
831 25 4 23 1
832 31 3 9 1
833 8 3 7 2
834 22 2 11 1
835 21 2 17 1
836 33 2 14 1
837 9 5 12 3
838 16 5 5 2
839 20 6 32 5
840 1 2 15 0
841 30 6 19 3
842 27 5 26 4
843 25 5 28 2
844 8 4 3 3
845 7 3 24 2
846 31 3 16 2
847 13 5 4 2
848 29 4 30 1
849 9 3 11 1
850 10 2 14 1
851 17 3 2 2
852 18 5 5 1
853 23 4 21 1
854 19 4 1 2
855 15 3 22 2
856 24 3 8 2
857 16 4 12 1
858 31 4 25 1
859 26 4 3 3
860 14 3 4 2
861 13 2 11 1
862 29 5 18 2
863 7 5 20 4
864 9 5 27 1
865 17 3 1 2
866 5 5 23 2
867 10 4 7 2
868 30 2 2 1
869 21 5 3 1
870 25 4 22 1
871 24 4 26 0
872 12 6 8 3
873 20 3 14 1
874 9 3 32 2
875 33 3 18 2
876 10 3 30 1
877 12 2 26 1
878 19 4 17 1
879 2 4 27 3
880 1 3 13 1
881 11 4 21 2
882 15 7 23 6
883 16 4 28 2
884 31 2 5 1
885 33 3 9 2
886 3 6 22 2
887 7 4 32 0
888 11 5 17 1
889 18 2 14 1
890 25 5 16 4
891 20 4 13 3
892 24 6 23 2
893 10 3 28 0
894 12 4 15 3
895 29 5 28 1
896 20 1 8 0
897 7 2 3 1
898 30 4 4 1
899 14 4 13 2
900 26 2 24 1
901 1 5 21 2
902 18 5 25 2
903 27 4 23 2
904 22 3 17 2
905 31 1 15 0
906 8 3 10 1
907 11 4 9 3
908 19 3 12 0
909 20 4 28 3
910 14 6 7 3
911 1 5 13 2
912 22 3 17 0
913 2 3 4 2
914 21 2 27 1
915 24 4 18 2
916 15 3 5 2
917 19 1 6 0
918 3 3 10 2
919 29 2 8 1
920 30 3 9 0
921 16 4 22 0
922 25 5 23 4
923 12 4 6 2
924 15 4 18 3
925 17 5 14 3
926 30 5 32 3
927 10 2 13 0
928 3 4 28 1
929 1 4 2 0
930 33 4 20 2
931 24 3 25 1
932 21 2 26 1
933 19 4 5 2
934 27 5 6 2
935 17 4 16 3
936 11 5 13 3
937 9 4 2 0
938 12 3 23 1
939 7 6 21 5
940 20 4 18 1
941 22 5 30 2
942 5 4 1 0
943 10 3 18 1
944 8 3 4 2
945 9 5 13 3
946 16 3 14 0
947 2 3 17 2
948 24 3 19 2
949 23 3 32 2
950 12 4 28 1
951 31 5 26 2
952 5 6 7 2
953 19 3 27 1
954 15 2 20 1
955 12 3 1 1
956 25 3 11 1
957 24 2 9 1
958 8 4 3 3
959 33 3 21 1
960 23 4 17 3
961 16 4 2 2
962 29 4 18 3
963 28 3 7 2
964 31 4 1 3
965 13 3 10 2
966 24 3 30 1
967 19 3 14 2
968 8 5 15 2
969 22 2 26 1
970 11 5 12 2
971 3 3 4 2
972 9 6 14 1
973 27 3 18 1
974 1 2 28 0
975 21 6 2 1
976 25 4 13 0
977 16 5 23 4
978 17 4 32 3
979 7 3 5 2
980 11 1 6 0
981 3 5 15 3
982 30 7 26 4
983 10 5 4 2
984 25 3 24 2
985 19 5 8 4
986 20 1 22 0
987 15 5 26 2
988 29 4 2 3
989 18 2 28 1
990 7 2 12 1
991 5 2 11 1
992 13 4 30 3
993 23 2 4 1
994 20 2 32 1
995 16 1 1 0
996 3 3 19 1
997 21 5 27 4
998 24 6 10 2
999 31 5 25 2
1000 2 4 14 3
1001 20 3 9 1
1002 8 6 12 3
1003 11 6 26 4
1004 23 5 30 3
1005 3 3 16 2
1006 17 4 27 2
1007 13 3 15 1
1008 19 5 1 2
1009 21 1 4 0
1010 25 2 10 1
1011 22 2 28 1
1012 31 4 7 0
1013 5 2 18 0
1014 23 4 9 2
1015 19 2 32 1
1016 13 5 26 4
1017 12 2 24 1
1018 8 6 2 3
1019 33 7 15 2
1020 3 2 11 0
1021 22 6 5 2
1022 20 2 14 0
1023 27 2 16 1
1024 17 2 30 0
1025 7 4 2 1
1026 1 3 32 1
1027 24 3 21 1
1028 10 4 28 1
1029 25 3 8 2
1030 18 2 6 1
1031 15 5 11 1
1032 20 2 17 1
1033 30 3 13 2
1034 21 3 23 0
1035 19 2 4 1
1036 9 2 3 0
1037 12 4 18 2
1038 9 4 14 3
1039 16 4 1 2
1040 26 4 2 1
1041 31 1 28 0
1042 19 2 30 1
1043 10 2 11 0
1044 14 2 3 1
1045 1 3 17 2
1046 27 5 5 2
1047 24 3 18 2
1048 22 4 32 1
1049 21 4 8 0
1050 7 4 4 1
1051 22 1 20 0
1052 13 4 26 3
1053 12 3 6 2
1054 5 4 2 1
1055 17 3 15 1
1056 1 4 30 0
1057 19 6 3 4
1058 27 2 21 1
1059 9 3 24 2
1060 23 2 11 1
1061 8 4 4 1
1062 25 5 28 2
1063 13 6 7 2
1064 10 3 14 1
1065 16 3 15 1
1066 12 3 25 2
1067 24 6 21 3
1068 7 4 6 1
1069 13 3 8 2
1070 27 3 9 0
1071 29 3 10 0
1072 1 2 5 0
1073 17 2 3 1
1074 19 5 2 3
1075 20 3 30 2
1076 18 3 14 0
1077 23 4 22 0
1078 11 3 28 1
1079 26 5 4 4
1080 15 2 21 1
1081 16 5 3 3
1082 20 7 12 2
1083 7 3 28 1
1084 31 3 10 1
1085 22 3 30 1
1086 19 5 5 2
1087 24 2 2 1
1088 23 4 14 3
1089 8 3 25 2
1090 27 4 26 1
1091 21 3 11 2
1092 24 2 32 1
1093 31 4 20 2
1094 13 5 12 3
1095 16 4 17 3
1096 28 5 15 4
1097 18 3 1 2
1098 7 5 27 2
1099 26 4 25 3
1100 33 4 22 1
1101 23 4 8 3
1102 12 3 3 2
1103 31 3 32 2
1104 9 3 10 2
1105 28 4 14 3
1106 30 5 11 2
1107 17 4 2 1
1108 18 3 16 2
1109 20 5 19 1
1110 5 6 15 4
1111 27 5 1 2
1112 25 4 7 1
1113 24 4 8 2
1114 13 5 22 2
1115 26 4 23 0
1116 18 4 9 3
1117 11 3 28 2
1118 3 4 20 2
1119 5 3 4 2
1120 12 3 32 2
1121 15 4 16 0
1122 30 3 10 1
1123 2 4 19 3
1124 1 3 17 2
1125 24 4 6 1
1126 13 4 21 2
1127 25 5 14 3
1128 23 4 7 3
1129 9 5 20 2
1130 29 5 15 4
1131 17 4 19 2
1132 3 2 30 1
1133 8 5 18 2
1134 12 2 10 1
1135 22 4 27 3
1136 11 3 5 2
1137 16 5 1 3
1138 7 4 21 1
1139 22 4 6 1
1140 8 5 23 3
1141 26 4 25 1
1142 14 4 28 1
1143 3 3 17 2
1144 9 4 30 2
1145 13 3 10 2
1146 2 3 16 1
1147 19 2 15 1
1148 20 3 27 2
1149 7 5 18 4
1150 14 4 2 3
1151 33 4 11 1
1152 12 5 26 1
1153 5 5 25 1
1154 13 4 32 3
1155 3 3 15 2
1156 9 5 1 4
1157 17 6 30 1
1158 19 2 16 1
1159 20 3 24 2
1160 21 4 8 1
1161 22 3 7 1
1162 31 8 26 2
1163 10 3 1 2
1164 22 4 14 3
1165 21 7 23 5
1166 5 3 28 1
1167 25 4 12 2
1168 30 3 4 2
1169 13 5 11 3
1170 27 5 7 4
1171 15 3 24 2
1172 16 4 17 0
1173 19 4 9 3
1174 29 3 14 0
1175 20 6 10 1
1176 3 2 2 1
1177 23 4 18 3
1178 28 5 5 3
1179 31 3 25 1
1180 8 4 26 0
1181 33 4 11 1
1182 1 4 17 1
1183 9 2 15 1
1184 21 2 22 1
1185 2 3 19 2
1186 14 4 30 3
1187 20 4 13 3
1188 27 2 24 0
1189 7 2 6 1
1190 23 5 5 1
1191 20 4 10 2
1192 33 5 32 4
1193 15 3 30 2
1194 19 4 11 3
1195 27 1 21 0
1196 24 2 22 1
1197 8 3 28 2
1198 25 3 18 2
1199 26 4 6 2
1200 13 5 2 0
1201 9 3 3 0
1202 23 4 12 0
1203 19 3 20 0
1204 30 3 4 1
1205 16 4 10 3
1206 1 4 15 3
1207 17 4 3 2
1208 21 2 22 1
1209 24 4 18 2
1210 8 3 6 1
1211 25 1 27 0
1212 5 3 26 1
1213 7 5 28 0
1214 29 3 11 1
1215 13 4 14 2
1216 19 3 4 1
1217 20 4 9 2
1218 21 4 24 2
1219 27 5 8 1
1220 31 4 5 1
1221 15 2 30 0
1222 1 4 2 3
1223 13 5 32 4
1224 17 3 10 2
1225 11 2 14 0
1226 16 3 3 2
1227 23 4 18 1
1228 12 2 28 1
1229 25 3 22 2
1230 7 6 26 5
1231 1 4 19 3
1232 29 4 9 1
1233 22 4 18 3
1234 8 2 7 1
1235 20 2 11 1
1236 15 3 16 2
1237 24 4 21 2
1238 12 4 27 2
1239 1 3 19 2
1240 9 4 32 3
1241 18 6 22 2
1242 7 4 8 1
1243 16 5 15 1
1244 21 4 24 1
1245 11 4 20 3
1246 12 2 27 1
1247 29 2 9 1
1248 22 4 18 2
1249 1 2 19 1
1250 8 4 7 2
1251 20 2 11 1
1252 24 3 21 0
1253 12 5 27 4
1254 15 3 16 0
1255 9 2 32 1
1256 22 3 18 2
1257 8 3 7 1
1258 19 1 1 0
1259 20 2 11 1
1260 21 6 24 1
1261 12 5 27 2
1262 16 3 15 2
1263 9 5 32 1
1264 18 5 22 2
1265 7 2 8 1
1266 19 5 1 1
1267 20 2 11 1
1268 24 4 21 1
1269 29 3 9 1
1270 15 4 16 0
1271 22 4 18 3
1272 8 7 7 4
1273 24 4 21 1
1274 1 2 19 0
1275 16 5 15 2
1276 9 2 32 1
1277 16 2 15 0
1278 9 2 20 1
1279 12 6 8 1
1280 16 2 1 1
1281 22 4 24 3
1282 20 3 9 2
1283 16 6 1 2
1284 22 4 24 1
1285 12 3 8 0
1286 9 1 20 0
1287 22 1 24 0
1288 8 4 12 3
1289 16 2 1 1
1290 9 2 20 1
1291 1 6 16 2
1292 22 4 24 3
1293 12 4 8 2
1294 20 2 9 1
1295 1 2 16 1
1296 20 4 9 3
1297 12 3 8 2
1298 16 4 1 1
1299 20 2 9 1
1300 20 2 16 1
1301 12 4 22 1
1302 16 6 20 2
1303 22 3 12 2
1304 16 6 20 5
1305 12 2 22 1
1306 20 5 16 1
1307 22 5 12 4
1308 16 2 20 0
1309 12 5 22 4
1310 20 7 16 3
1311 22 5 12 2
1312 16 2 20 0
1313 22 5 12 3
1314 22 2 16 1
1315 16 4 22 3
1316 16 3 22 2
1317 22 2 16 1
1318 22 2 16 1
1319 22 2 16 0
