0.000087
0.000170
0.000303
0.000526
0.000730
0.001145
0.001297
0.001890
0.001972
0.002675
0.002610
0.002979
0.003354
0.004038
0.004488
0.004000
0.006562
0.008368
0.007973
0.009631
0.009224
0.010940
0.011505
0.011443
0.011916
0.012637
0.011175
0.014674
0.014423
0.015591
0.014657
0.017421
0.018396
0.021035
0.019509
0.021572
0.023799
0.025077
0.027804
0.026913
0.030279
0.031401
0.036567
0.037897
0.039141
0.040165
0.042638
0.042669
0.047978
0.051180
0.051899
0.053474
0.056931
0.058699
0.060612
0.064486
0.068269
0.069111
0.073137
0.076574
0.079503
0.082304
0.085881
0.090208
0.094483
0.096907
0.102380
0.107833
0.108653
0.113186
0.117499
0.121529
0.129066
0.130468
0.137542
0.149238
0.160923
0.157049
0.161373
0.166913
0.174372
0.176356
0.180637
0.184518
0.187326
0.199613
0.201165
0.211430
0.216167
0.223341
0.229111
0.237191
0.241781
0.252126
0.253784
0.261688
0.276586
0.280116
0.290739
0.308282