495 4950
1 151 1 417 0
1 282 0 150 1
1 9 1 423 0
1 484 1 382 0
1 167 0 252 1
1 471 0 48 1
1 259 0 211 1
1 376 0 224 1
1 399 1 424 0
1 323 1 149 0
1 51 0 34 1
1 302 0 254 1
1 181 0 261 1
1 346 1 240 0
1 165 0 171 1
1 104 1 412 0
1 92 0 385 1
1 66 1 198 0
1 410 1 152 0
1 84 1 178 0
1 5 1 60 0
1 225 0 263 1
1 367 0 106 1
1 89 0 367 1
1 34 1 13 0
1 117 0 181 1
1 144 1 418 0
1 36 1 324 0
1 281 1 381 0
1 165 0 47 1
1 154 0 269 1
1 458 1 245 0
1 255 1 125 0
1 44 0 266 1
1 373 0 128 1
1 443 1 377 0
1 284 1 173 0
1 242 0 252 1
1 375 0 330 1
1 123 0 10 1
1 342 1 336 0
1 190 0 485 1
1 259 0 225 1
1 411 1 141 0
1 208 1 177 0
1 187 1 361 0
1 445 1 246 0
1 207 0 302 1
1 370 1 251 0
1 72 1 248 0
1 378 0 20 1
1 129 0 263 1
1 289 0 370 1
1 19 0 168 1
1 301 1 238 0
1 177 1 245 0
1 78 1 463 0
1 331 1 433 0
1 289 1 343 0
1 175 0 1 1
1 25 0 361 1
1 458 1 469 0
1 208 1 170 0
1 372 1 83 0
1 420 0 444 1
1 427 1 399 0
1 65 0 157 1
1 263 1 450 0
1 129 1 281 0
1 219 1 429 0
1 120 1 395 0
1 178 0 197 1
1 459 1 14 0
1 232 1 252 0
1 356 0 406 1
1 253 0 380 1
1 369 1 312 0
1 451 0 81 1
1 481 0 424 1
1 260 0 7 1
1 372 0 191 1
1 405 0 38 1
1 348 0 172 1
1 89 1 476 0
1 54 0 307 1
1 11 0 173 1
1 303 0 189 1
1 467 0 266 1
1 299 1 203 0
1 23 1 256 0
1 113 1 372 0
1 238 0 481 1
1 285 1 290 0
1 164 0 271 1
1 218 0 423 1
1 277 1 192 0
1 216 0 284 1
1 326 1 68 0
1 57 0 415 1
1 145 1 208 0
1 226 0 155 1
1 477 0 34 1
1 440 1 448 0
1 396 1 340 0
1 252 0 20 1
1 198 0 462 1
1 488 1 37 0
1 447 1 278 0
1 326 0 212 1
1 53 1 145 0
1 140 0 426 1
1 336 1 355 0
1 311 1 167 0
1 24 1 465 0
1 183 1 265 0
1 177 0 408 1
1 21 0 158 1
1 43 1 461 0
1 208 1 439 0
1 402 1 459 0
1 60 0 104 1
1 425 1 53 0
1 140 0 474 1
1 330 1 67 0
1 287 0 479 1
1 212 0 426 1
1 11 0 149 1
1 382 0 419 1
1 315 1 405 0
1 388 0 99 1
1 271 1 166 0
1 12 1 292 0
1 420 1 151 0
1 354 1 229 0
1 191 0 260 1
1 193 0 251 1
1 461 0 219 1
1 400 1 202 0
1 294 0 331 1
1 269 1 86 0
1 314 1 82 0
1 113 0 421 1
1 230 0 495 1
1 441 1 147 0
1 6 0 333 1
1 245 0 277 1
1 100 0 353 1
1 170 1 25 0
1 9 0 28 1
1 253 1 199 0
1 287 0 47 1
1 51 1 349 0
1 363 0 450 1
1 56 0 258 1
1 285 1 421 0
1 343 1 200 0
1 7 0 58 1
1 223 0 333 1
1 154 0 168 1
1 81 1 256 0
1 103 1 326 0
1 134 0 202 1
1 280 0 303 1
1 323 0 385 1
1 330 1 178 0
1 186 0 219 1
1 224 0 236 1
1 72 0 188 1
1 288 1 127 0
1 446 0 77 1
1 52 0 390 1
1 374 0 155 1
1 447 1 101 0
1 488 1 202 0
1 268 0 73 1
1 458 0 370 1
1 495 0 96 1
1 174 0 377 1
1 399 0 1 1
1 266 0 330 1
1 178 0 451 1
1 53 0 4 1
1 289 0 125 1
1 288 1 81 0
1 251 0 335 1
1 254 1 400 0
1 230 1 132 0
1 59 0 278 1
1 232 1 148 0
1 480 0 102 1
1 318 0 44 1
1 73 0 414 1
1 139 1 246 0
1 295 0 139 1
1 344 0 163 1
1 469 1 123 0
1 118 0 123 1
1 223 0 8 1
1 247 1 16 0
1 88 0 100 1
1 350 1 439 0
1 4 1 181 0
1 75 1 159 0
1 459 1 404 0
1 404 0 45 1
1 107 1 226 0
1 88 0 179 1
1 241 0 226 1
1 425 1 41 0
1 462 1 273 0
1 203 1 37 0
1 492 0 417 1
1 159 0 220 1
1 27 0 406 1
1 235 0 211 1
1 10 0 186 1
1 154 1 110 0
1 367 0 326 1
1 268 1 330 0
1 234 0 176 1
1 374 0 437 1
1 3 1 63 0
1 120 1 244 0
1 385 0 49 1
1 381 1 351 0
1 418 1 185 0
1 387 0 415 1
1 203 0 51 1
1 139 1 229 0
1 58 1 470 0
1 440 1 164 0
1 160 1 195 0
1 273 0 128 1
1 25 1 142 0
1 59 0 355 1
1 415 1 34 0
1 296 1 417 0
1 96 0 416 1
1 165 1 481 0
1 66 1 147 0
1 336 0 86 1
1 331 0 325 1
1 5 1 39 0
1 472 1 240 0
1 364 0 34 1
1 311 1 405 0
1 197 1 72 0
1 105 0 71 1
1 200 0 129 1
1 212 0 258 1
1 86 1 131 0
1 292 1 381 0
1 150 0 387 1
1 398 1 411 0
1 372 0 66 1
1 63 1 310 0
1 151 0 490 1
1 139 0 252 1
1 130 1 212 0
1 93 0 494 1
1 245 1 403 0
1 403 0 43 1
1 474 0 12 1
1 210 0 275 1
1 238 0 421 1
1 38 1 420 0
1 154 0 329 1
1 402 0 303 1
1 220 0 305 1
1 315 1 194 0
1 467 0 377 1
1 105 0 122 1
1 372 1 243 0
1 470 0 6 1
1 454 0 67 1
1 101 1 300 0
1 71 1 106 0
1 439 0 146 1
1 214 0 153 1
1 421 0 451 1
1 175 0 458 1
1 472 0 425 1
1 388 0 379 1
1 329 1 209 0
1 285 0 149 1
1 402 1 256 0
1 30 1 108 0
1 474 1 3 0
1 350 0 50 1
1 106 1 405 0
1 213 0 206 1
1 306 0 283 1
1 311 0 346 1
1 3 1 450 0
1 82 1 275 0
1 14 1 156 0
1 204 1 401 0
1 39 0 38 1
1 115 1 420 0
1 283 1 118 0
1 180 1 312 0
1 226 1 255 0
1 412 1 177 0
1 304 0 22 1
1 184 0 21 1
1 324 1 489 0
1 400 0 237 1
1 437 0 429 1
1 363 1 439 0
1 481 0 46 1
1 315 0 494 1
1 201 0 24 1
1 400 0 336 1
1 158 1 19 0
1 260 0 440 1
1 233 0 41 1
1 353 1 458 0
1 295 1 269 0
1 140 1 200 0
1 387 1 420 0
1 317 1 313 0
1 15 0 318 1
1 151 0 451 1
1 252 0 18 1
1 395 1 237 0
1 160 0 311 1
1 332 0 361 1
1 431 0 236 1
1 298 1 93 0
1 351 1 63 0
1 134 0 89 1
1 103 0 89 1
1 51 0 495 1
1 454 0 287 1
1 296 0 443 1
1 211 1 215 0
1 260 0 226 1
1 37 0 410 1
1 278 0 385 1
1 29 0 177 1
1 223 0 188 1
1 90 0 60 1
1 150 1 25 0
1 295 0 448 1
1 215 1 151 0
1 15 0 445 1
1 336 0 214 1
1 38 0 483 1
1 310 1 492 0
1 275 0 111 1
1 439 0 87 1
1 325 1 300 0
1 409 1 361 0
1 214 0 192 1
1 251 0 339 1
1 465 1 473 0
1 31 0 59 1
1 134 0 278 1
1 181 1 429 0
1 230 0 395 1
1 181 0 341 1
1 344 1 21 0
1 59 0 479 1
1 8 1 466 0
1 475 1 379 0
1 81 1 20 0
1 68 1 7 0
1 319 0 78 1
1 464 1 37 0
1 269 0 219 1
1 375 1 336 0
1 294 1 7 0
1 491 1 29 0
1 284 1 176 0
1 457 0 115 1
1 172 0 142 1
1 455 1 118 0
1 259 1 116 0
1 101 0 267 1
1 86 1 80 0
1 247 0 166 1
1 99 1 314 0
1 269 0 417 1
1 392 0 237 1
1 55 0 262 1
1 58 0 31 1
1 102 0 448 1
1 134 1 195 0
1 476 1 418 0
1 370 0 438 1
1 37 0 144 1
1 181 0 94 1
1 261 1 440 0
1 209 0 458 1
1 308 0 294 1
1 42 0 59 1
1 61 0 237 1
1 373 0 426 1
1 255 0 269 1
1 167 1 406 0
1 132 1 224 0
1 38 1 234 0
1 176 1 171 0
1 428 0 157 1
1 93 0 399 1
1 196 1 227 0
1 144 0 376 1
1 417 0 404 1
1 320 1 130 0
1 366 1 132 0
1 25 0 9 1
1 288 0 182 1
1 342 1 165 0
1 112 1 198 0
1 35 1 278 0
1 108 0 166 1
1 104 0 145 1
1 1 1 279 0
1 316 0 30 1
1 435 1 10 0
1 31 0 135 1
1 333 1 174 0
1 113 0 254 1
1 180 1 432 0
1 480 0 147 1
1 166 1 106 0
1 253 0 55 1
1 384 0 99 1
1 219 0 495 1
1 394 1 350 0
1 375 0 103 1
1 117 0 478 1
1 248 1 118 0
1 358 0 165 1
1 244 0 298 1
1 271 0 274 1
1 34 0 206 1
1 50 1 146 0
1 61 1 229 0
1 180 0 46 1
1 472 0 442 1
1 248 0 229 1
1 1 1 137 0
1 425 1 316 0
1 233 0 420 1
1 170 0 209 1
1 27 1 383 0
1 191 0 274 1
1 102 1 54 0
1 40 1 346 0
1 448 0 408 1
1 221 0 83 1
1 118 0 270 1
1 229 1 178 0
1 100 0 10 1
1 320 0 77 1
1 451 0 73 1
1 402 0 53 1
1 306 0 428 1
1 368 1 43 0
1 352 1 139 0
1 252 0 379 1
1 26 0 44 1
1 157 0 128 1
1 194 1 294 0
1 473 1 243 0
1 206 0 295 1
1 326 1 420 0
1 70 1 156 0
1 102 0 169 1
1 165 0 24 1
1 342 1 217 0
1 96 0 249 1
1 269 0 3 1
1 181 0 141 1
1 142 1 38 0
1 376 1 490 0
1 18 0 401 1
1 39 1 174 0
1 130 0 329 1
1 69 1 204 0
1 77 1 371 0
1 295 0 73 1
1 159 1 397 0
1 338 0 420 1
1 22 1 282 0
1 141 1 214 0
1 132 1 409 0
1 216 0 312 1
1 151 1 357 0
1 446 0 31 1
1 352 1 463 0
1 33 1 487 0
1 239 0 163 1
1 417 1 404 0
1 366 1 493 0
1 280 0 369 1
1 98 0 79 1
1 43 0 353 1
1 77 0 381 1
1 277 1 98 0
1 264 1 417 0
1 408 1 395 0
1 427 0 128 1
1 308 0 179 1
1 87 0 259 1
1 209 0 438 1
1 323 1 242 0
1 31 1 163 0
1 404 1 447 0
1 169 1 371 0
1 47 1 448 0
1 245 1 144 0
1 128 1 287 0
1 2 0 302 1
1 269 0 375 1
1 1 0 37 1
1 297 0 409 1
1 431 0 325 1
1 41 1 244 0
1 9 0 127 1
1 104 1 217 0
1 166 0 28 1
1 60 0 196 1
1 288 1 65 0
1 148 1 456 0
1 436 1 291 0
1 10 1 282 0
1 434 0 137 1
1 73 0 37 1
1 40 1 439 0
1 412 0 41 1
1 77 0 310 1
1 449 0 110 1
1 139 1 91 0
1 450 0 147 1
1 218 0 155 1
1 461 0 480 1
1 182 1 122 0
1 181 1 71 0
1 284 0 425 1
1 128 1 224 0
1 220 1 137 0
1 107 0 255 1
1 371 1 276 0
1 292 0 410 1
1 219 0 208 1
1 450 0 296 1
1 22 1 403 0
1 7 1 257 0
1 494 1 456 0
1 404 1 313 0
1 115 1 466 0
1 297 0 393 1
1 92 1 79 0
1 464 0 375 1
1 105 0 96 1
1 200 0 421 1
1 330 0 403 1
1 181 1 205 0
1 184 1 74 0
1 119 0 402 1
1 378 0 171 1
1 299 0 1 1
1 78 1 305 0
1 257 0 173 1
1 362 0 262 1
1 87 0 476 1
1 232 0 481 1
1 374 1 421 0
1 161 0 342 1
1 397 0 266 1
1 39 0 199 1
1 288 1 368 0
1 106 1 70 0
1 77 1 289 0
1 143 1 293 0
1 293 0 25 1
1 463 0 193 1
1 25 0 142 1
1 100 1 379 0
1 412 0 461 1
1 145 1 3 0
1 442 1 377 0
1 483 1 320 0
1 302 0 149 1
1 263 0 300 1
1 16 1 398 0
1 3 1 303 0
1 271 1 109 0
1 373 1 444 0
1 494 1 117 0
1 241 0 388 1
1 142 0 305 1
1 86 1 263 0
1 447 0 282 1
1 146 0 363 1
1 247 0 291 1
1 462 1 290 0
1 269 0 450 1
1 211 1 172 0
1 200 0 473 1
1 471 1 215 0
1 473 0 76 1
1 119 0 248 1
1 184 1 491 0
1 293 1 279 0
1 113 1 136 0
1 172 1 351 0
1 440 0 354 1
1 215 0 391 1
1 140 0 458 1
1 355 1 386 0
1 350 1 322 0
1 181 1 123 0
1 373 1 391 0
1 294 1 77 0
1 466 0 366 1
1 388 1 443 0
1 441 0 11 1
1 292 1 226 0
1 104 1 89 0
1 10 0 216 1
1 224 0 278 1
1 168 0 266 1
1 136 0 479 1
1 161 1 275 0
1 441 0 118 1
1 262 1 295 0
1 41 0 44 1
1 417 1 413 0
1 37 0 312 1
1 489 0 7 1
1 183 1 381 0
1 51 1 128 0
1 488 0 439 1
1 354 1 96 0
1 129 1 460 0
1 408 0 353 1
1 242 1 80 0
1 123 0 377 1
1 161 0 380 1
1 253 0 106 1
1 99 1 19 0
1 401 0 139 1
1 160 0 419 1
1 56 1 196 0
1 333 1 146 0
1 299 1 20 0
1 128 1 446 0
1 244 1 121 0
1 389 0 199 1
1 313 1 22 0
1 163 0 226 1
1 471 1 6 0
1 402 1 195 0
1 479 1 67 0
1 177 0 236 1
1 270 0 275 1
1 352 1 175 0
1 195 1 168 0
1 308 1 32 0
1 314 0 111 1
1 148 1 43 0
1 61 1 392 0
1 260 1 51 0
1 192 1 78 0
1 72 1 452 0
1 400 0 145 1
1 457 1 306 0
1 339 1 441 0
1 470 1 20 0
1 278 1 244 0
1 392 0 134 1
1 20 0 9 1
1 246 1 214 0
1 176 0 155 1
1 343 0 91 1
1 362 0 92 1
1 134 0 24 1
1 85 0 393 1
1 74 0 277 1
1 72 1 243 0
1 233 0 471 1
1 387 0 194 1
1 379 0 230 1
1 236 0 353 1
1 347 0 19 1
1 101 0 340 1
1 249 1 217 0
1 445 0 97 1
1 32 0 125 1
1 348 1 374 0
1 216 0 215 1
1 466 0 446 1
1 238 1 55 0
1 440 0 312 1
1 428 0 17 1
1 59 1 262 0
1 89 0 47 1
1 456 0 467 1
1 373 1 293 0
1 324 0 321 1
1 408 0 26 1
1 262 0 162 1
1 242 0 211 1
1 355 1 274 0
1 336 1 207 0
1 249 0 153 1
1 421 0 316 1
1 103 0 261 1
1 468 0 47 1
1 77 0 400 1
1 160 1 232 0
1 167 0 249 1
1 375 0 224 1
1 317 1 252 0
1 118 1 146 0
1 78 0 31 1
1 268 1 339 0
1 289 1 112 0
1 55 0 245 1
1 482 0 487 1
1 451 0 235 1
1 144 1 474 0
1 153 1 246 0
1 239 1 125 0
1 389 1 412 0
1 126 0 54 1
1 245 1 389 0
1 399 1 124 0
1 214 1 220 0
1 472 0 332 1
1 462 1 54 0
1 362 1 332 0
1 490 0 252 1
1 443 0 146 1
1 1 1 31 0
1 137 0 53 1
1 265 0 280 1
1 31 1 19 0
1 127 0 366 1
1 143 1 20 0
1 379 1 366 0
1 170 0 225 1
1 259 0 170 1
1 445 1 473 0
1 390 1 422 0
1 309 0 453 1
1 77 1 272 0
1 289 1 71 0
1 125 0 333 1
1 216 1 125 0
1 363 1 449 0
1 177 1 230 0
1 233 0 305 1
1 248 1 359 0
1 272 1 488 0
1 476 1 156 0
1 358 0 247 1
1 477 1 121 0
1 417 0 427 1
1 195 0 408 1
1 450 1 105 0
1 365 1 31 0
1 376 0 256 1
1 199 1 5 0
1 190 1 16 0
1 226 1 58 0
1 465 1 5 0
1 384 0 202 1
1 309 0 233 1
1 163 1 85 0
1 225 0 143 1
1 337 1 87 0
1 389 0 416 1
1 305 0 407 1
1 347 0 4 1
1 319 1 398 0
1 206 0 286 1
1 428 1 86 0
1 46 0 131 1
1 188 0 235 1
1 147 0 15 1
1 389 1 213 0
1 19 1 374 0
1 414 1 327 0
1 112 0 178 1
1 14 1 336 0
1 417 0 447 1
1 25 1 408 0
1 367 1 426 0
1 319 0 315 1
1 31 1 143 0
1 217 0 236 1
1 428 1 247 0
1 419 0 75 1
1 474 1 208 0
1 406 0 222 1
1 222 0 397 1
1 434 0 241 1
1 275 0 450 1
1 169 0 386 1
1 132 1 279 0
1 324 0 54 1
1 231 1 445 0
1 63 0 199 1
1 375 0 381 1
1 116 0 405 1
1 125 0 429 1
1 243 1 154 0
1 180 1 166 0
1 325 1 159 0
1 373 1 236 0
1 380 0 196 1
1 137 0 416 1
1 436 1 13 0
1 370 0 207 1
1 399 0 6 1
1 485 1 324 0
1 156 0 317 1
1 273 1 218 0
1 118 0 152 1
1 201 0 233 1
1 158 0 422 1
1 263 1 2 0
1 81 1 443 0
1 167 1 405 0
1 203 0 141 1
1 242 1 184 0
1 337 0 475 1
1 104 1 374 0
1 488 1 473 0
1 85 1 488 0
1 81 0 172 1
1 316 1 333 0
1 488 1 93 0
1 153 1 207 0
1 341 1 450 0
1 439 0 100 1
1 376 0 304 1
1 102 0 58 1
1 251 0 365 1
1 65 1 55 0
1 108 0 306 1
1 238 1 444 0
1 286 1 439 0
1 419 0 375 1
1 18 0 9 1
1 367 0 98 1
1 180 1 187 0
1 33 1 269 0
1 376 1 282 0
1 476 0 221 1
1 236 1 21 0
1 320 0 116 1
1 324 0 23 1
1 174 1 176 0
1 388 0 335 1
1 230 1 495 0
1 145 1 70 0
1 45 1 32 0
1 13 1 463 0
1 8 1 30 0
1 73 1 374 0
1 225 1 252 0
1 162 0 257 1
1 26 1 42 0
1 43 0 103 1
1 262 1 375 0
1 123 0 184 1
1 490 1 447 0
1 303 1 265 0
1 127 0 195 1
1 201 1 454 0
1 291 0 346 1
1 28 1 432 0
1 474 1 137 0
1 400 1 84 0
1 166 0 74 1
1 457 1 487 0
1 326 0 221 1
1 345 0 448 1
1 262 1 387 0
1 55 1 126 0
1 363 0 177 1
1 309 1 358 0
1 225 1 116 0
1 224 0 449 1
1 408 1 425 0
1 407 0 300 1
1 372 0 36 1
1 237 0 447 1
1 172 1 238 0
1 35 0 434 1
1 311 1 94 0
1 28 0 238 1
1 314 0 372 1
1 287 0 177 1
1 361 0 341 1
1 302 1 228 0
1 120 1 212 0
1 187 0 441 1
1 425 0 411 1
1 394 0 337 1
1 437 0 402 1
1 238 0 410 1
1 39 0 474 1
1 361 0 307 1
1 313 1 493 0
1 246 1 226 0
1 188 1 273 0
1 463 1 103 0
1 246 1 255 0
1 279 0 111 1
1 197 0 86 1
1 339 0 413 1
1 394 1 30 0
1 359 0 323 1
1 42 1 354 0
1 261 1 478 0
1 261 1 4 0
1 489 0 396 1
1 79 0 355 1
1 208 0 392 1
1 449 0 55 1
1 219 1 141 0
1 424 0 186 1
1 243 1 174 0
1 42 1 123 0
1 285 1 239 0
1 208 0 225 1
1 253 1 107 0
1 351 0 116 1
1 429 1 393 0
1 470 0 292 1
1 472 1 332 0
1 295 1 466 0
1 232 1 373 0
1 422 0 439 1
1 366 0 375 1
1 95 0 89 1
1 117 1 23 0
1 372 1 456 0
1 197 1 413 0
1 253 1 388 0
1 307 1 11 0
1 494 0 162 1
1 223 0 29 1
1 59 0 294 1
1 320 0 133 1
1 130 1 216 0
1 200 1 459 0
1 94 1 126 0
1 4 1 61 0
1 102 1 99 0
1 150 0 218 1
1 121 1 123 0
1 178 1 414 0
1 137 0 357 1
1 1 0 390 1
1 249 0 307 1
1 2 0 344 1
1 469 1 321 0
1 373 1 129 0
1 120 1 294 0
1 358 1 346 0
1 15 0 62 1
1 406 0 205 1
1 284 0 410 1
1 265 0 385 1
1 110 1 16 0
1 204 0 327 1
1 235 1 478 0
1 246 1 372 0
1 340 0 343 1
1 363 0 93 1
1 155 1 461 0
1 437 1 225 0
1 286 1 411 0
1 450 1 405 0
1 306 1 313 0
1 353 1 417 0
1 471 1 263 0
1 126 0 260 1
1 274 1 488 0
1 246 0 383 1
1 105 1 450 0
1 312 0 340 1
1 432 1 62 0
1 313 0 373 1
1 6 0 180 1
1 68 0 160 1
1 145 0 106 1
1 481 1 430 0
1 21 1 436 0
1 437 1 326 0
1 350 0 294 1
1 345 1 422 0
1 158 1 470 0
1 186 0 432 1
1 64 0 34 1
1 416 1 266 0
1 483 0 232 1
1 207 0 21 1
1 390 1 24 0
1 491 1 396 0
1 203 1 63 0
1 60 1 444 0
1 168 0 143 1
1 475 1 285 0
1 83 0 416 1
1 212 1 34 0
1 311 1 61 0
1 455 1 469 0
1 133 1 243 0
1 405 1 196 0
1 276 1 325 0
1 63 1 360 0
1 62 1 269 0
1 380 1 53 0
1 292 1 472 0
1 448 1 96 0
1 39 0 110 1
1 44 1 206 0
1 252 1 24 0
1 490 0 431 1
1 41 1 304 0
1 66 0 352 1
1 364 1 122 0
1 325 1 1 0
1 364 1 331 0
1 294 1 241 0
1 160 1 356 0
1 105 0 318 1
1 130 1 87 0
1 371 1 421 0
1 63 0 420 1
1 119 1 199 0
1 34 1 162 0
1 6 0 382 1
1 282 0 98 1
1 414 1 323 0
1 401 0 479 1
1 179 0 269 1
1 106 0 105 1
1 270 0 71 1
1 435 1 68 0
1 409 1 99 0
1 25 0 115 1
1 19 1 154 0
1 201 1 389 0
1 177 0 361 1
1 410 1 295 0
1 64 0 444 1
1 456 0 166 1
1 427 1 340 0
1 263 0 346 1
1 167 0 168 1
1 426 0 442 1
1 437 1 133 0
1 51 0 308 1
1 204 0 87 1
1 472 0 214 1
1 185 0 1 1
1 328 0 300 1
1 252 1 34 0
1 193 1 428 0
1 491 0 108 1
1 324 1 156 0
1 153 0 381 1
1 321 1 84 0
1 225 0 89 1
1 31 1 391 0
1 353 0 457 1
1 434 1 391 0
1 94 0 484 1
1 203 0 394 1
1 75 0 276 1
1 112 0 357 1
1 374 0 440 1
1 161 0 130 1
1 75 0 451 1
1 159 1 167 0
1 160 0 482 1
1 322 0 409 1
1 367 1 244 0
1 94 0 97 1
1 429 0 125 1
1 89 0 287 1
1 183 1 28 0
1 182 0 276 1
1 113 1 482 0
1 272 0 285 1
1 262 1 383 0
1 243 0 140 1
1 424 1 5 0
1 366 1 3 0
1 455 0 29 1
1 266 1 216 0
1 15 1 92 0
1 129 1 382 0
1 433 0 223 1
1 80 1 366 0
1 444 1 168 0
1 254 0 131 1
1 292 0 436 1
1 8 0 7 1
1 422 0 376 1
1 291 0 285 1
1 264 1 38 0
1 425 0 289 1
1 42 1 295 0
1 389 0 99 1
1 421 0 159 1
1 411 0 435 1
1 348 0 45 1
1 418 0 285 1
1 364 1 99 0
1 155 0 409 1
1 364 1 409 0
1 141 1 160 0
1 446 1 148 0
1 166 0 469 1
1 29 0 58 1
1 258 1 389 0
1 192 1 284 0
1 182 1 331 0
1 84 1 75 0
1 429 0 106 1
1 331 0 344 1
1 45 1 183 0
1 485 0 65 1
1 467 0 450 1
1 163 1 223 0
1 363 0 31 1
1 233 1 8 0
1 288 1 183 0
1 253 0 453 1
1 253 1 378 0
1 113 0 16 1
1 368 1 304 0
1 299 0 151 1
1 139 0 479 1
1 323 0 169 1
1 89 1 158 0
1 115 1 231 0
1 340 1 104 0
1 295 0 408 1
1 156 1 59 0
1 135 0 23 1
1 187 0 465 1
1 128 1 474 0
1 152 1 477 0
1 33 0 7 1
1 456 0 145 1
1 22 0 328 1
1 51 0 417 1
1 478 1 189 0
1 401 1 305 0
1 455 1 91 0
1 64 0 74 1
1 321 1 5 0
1 274 0 217 1
1 412 0 429 1
1 373 0 52 1
1 54 1 64 0
1 21 1 181 0
1 139 1 269 0
1 259 0 171 1
1 275 0 219 1
1 316 0 393 1
1 51 0 366 1
1 315 1 130 0
1 156 0 317 1
1 37 0 115 1
1 9 1 100 0
1 285 0 427 1
1 105 1 64 0
1 245 0 118 1
1 492 0 122 1
1 169 0 50 1
1 282 0 286 1
1 327 1 420 0
1 157 1 90 0
1 96 0 33 1
1 405 0 13 1
1 426 1 455 0
1 475 0 342 1
1 187 0 232 1
1 260 1 320 0
1 347 0 268 1
1 419 1 233 0
1 199 1 125 0
1 296 0 444 1
1 340 0 293 1
1 167 1 13 0
1 439 1 449 0
1 396 0 271 1
1 470 0 57 1
1 457 1 70 0
1 186 1 367 0
1 179 0 213 1
1 423 0 158 1
1 59 0 114 1
1 390 1 415 0
1 433 0 338 1
1 188 1 454 0
1 172 1 483 0
1 180 1 468 0
1 431 1 24 0
1 362 0 103 1
1 134 0 305 1
1 153 0 131 1
1 177 0 127 1
1 284 0 139 1
1 294 1 469 0
1 107 1 472 0
1 187 1 34 0
1 232 0 342 1
1 245 0 223 1
1 262 0 279 1
1 162 0 51 1
1 334 1 333 0
1 38 1 116 0
1 305 0 469 1
1 236 1 171 0
1 173 0 369 1
1 78 1 422 0
1 101 0 254 1
1 150 0 384 1
1 489 1 443 0
1 455 0 100 1
1 22 1 243 0
1 231 0 253 1
1 89 1 475 0
1 475 1 447 0
1 355 0 238 1
1 2 0 194 1
1 75 1 40 0
1 406 0 477 1
1 110 0 146 1
1 249 0 379 1
1 117 1 326 0
1 305 0 217 1
1 182 1 454 0
1 203 1 175 0
1 4 1 162 0
1 275 1 25 0
1 404 0 10 1
1 277 1 94 0
1 86 0 353 1
1 46 0 42 1
1 95 0 47 1
1 235 1 266 0
1 183 1 242 0
1 247 1 389 0
1 388 0 1 1
1 272 1 9 0
1 423 1 178 0
1 225 1 109 0
1 234 1 427 0
1 284 1 237 0
1 190 0 160 1
1 358 1 98 0
1 266 1 139 0
1 192 1 351 0
1 93 1 334 0
1 392 1 284 0
1 477 1 229 0
1 54 1 262 0
1 470 1 398 0
1 155 1 459 0
1 495 0 29 1
1 467 0 422 1
1 303 1 294 0
1 36 0 41 1
1 322 0 416 1
1 374 1 17 0
1 80 0 236 1
1 211 0 345 1
1 471 1 4 0
1 297 1 165 0
1 337 0 290 1
1 448 0 319 1
1 120 0 104 1
1 85 1 95 0
1 6 0 336 1
1 155 0 5 1
1 364 0 127 1
1 426 1 172 0
1 22 0 63 1
1 309 1 343 0
1 80 0 285 1
1 456 1 159 0
1 122 0 172 1
1 105 1 98 0
1 175 0 3 1
1 359 0 114 1
1 293 0 312 1
1 432 1 412 0
1 415 0 118 1
1 108 1 420 0
1 453 0 263 1
1 26 1 419 0
1 486 0 53 1
1 95 0 12 1
1 213 0 5 1
1 354 1 292 0
1 289 0 412 1
1 451 1 411 0
1 88 0 157 1
1 110 1 359 0
1 160 1 468 0
1 472 0 452 1
1 381 1 10 0
1 465 0 300 1
1 224 1 78 0
1 321 1 182 0
1 437 1 443 0
1 105 0 427 1
1 1 0 296 1
1 438 0 213 1
1 300 1 393 0
1 9 1 191 0
1 309 1 61 0
1 203 1 493 0
1 218 1 409 0
1 357 1 377 0
1 381 1 430 0
1 430 0 364 1
1 42 1 399 0
1 78 0 91 1
1 446 1 19 0
1 135 1 152 0
1 47 0 135 1
1 447 0 484 1
1 347 0 349 1
1 479 1 453 0
1 141 0 292 1
1 18 0 343 1
1 387 1 332 0
1 256 0 248 1
1 310 1 238 0
1 279 1 244 0
1 203 0 320 1
1 245 1 468 0
1 90 1 322 0
1 160 0 137 1
1 438 0 294 1
1 289 0 484 1
1 429 1 337 0
1 75 0 377 1
1 287 0 155 1
1 334 0 427 1
1 48 0 449 1
1 371 0 434 1
1 285 1 228 0
1 283 1 197 0
1 466 1 67 0
1 440 1 173 0
1 483 1 286 0
1 242 0 77 1
1 210 1 401 0
1 214 0 152 1
1 200 1 104 0
1 237 0 133 1
1 440 1 408 0
1 111 1 329 0
1 67 0 47 1
1 260 0 115 1
1 495 0 233 1
1 150 0 381 1
1 460 0 433 1
1 82 0 32 1
1 101 1 124 0
1 205 1 88 0
1 409 0 48 1
1 165 1 123 0
1 449 0 475 1
1 371 1 153 0
1 83 1 113 0
1 382 0 124 1
1 122 1 492 0
1 452 1 286 0
1 43 0 314 1
1 400 1 139 0
1 51 0 151 1
1 122 0 15 1
1 88 1 203 0
1 47 0 285 1
1 423 1 348 0
1 373 0 337 1
1 395 0 139 1
1 61 0 348 1
1 118 0 432 1
1 102 0 297 1
1 146 0 483 1
1 420 0 364 1
1 480 0 474 1
1 154 0 124 1
1 292 0 155 1
1 263 1 439 0
1 306 0 384 1
1 453 0 490 1
1 188 0 101 1
1 280 1 116 0
1 448 0 157 1
1 54 0 445 1
1 295 0 211 1
1 297 1 14 0
1 147 1 399 0
1 310 1 389 0
1 386 1 331 0
1 258 1 467 0
1 406 1 411 0
1 96 0 299 1
1 71 0 455 1
1 242 0 473 1
1 343 0 200 1
1 467 0 132 1
1 300 1 251 0
1 344 0 350 1
1 9 1 494 0
1 299 1 400 0
1 210 1 100 0
1 413 0 453 1
1 100 0 324 1
1 444 1 88 0
1 257 0 206 1
1 156 1 167 0
1 218 0 251 1
1 68 0 385 1
1 210 0 309 1
1 362 0 154 1
1 13 0 431 1
1 383 1 410 0
1 283 0 231 1
1 264 1 292 0
1 230 0 164 1
1 196 0 41 1
1 360 0 211 1
1 493 1 460 0
1 136 0 441 1
1 149 0 392 1
1 248 0 304 1
1 161 1 68 0
1 157 1 228 0
1 452 1 463 0
1 41 1 416 0
1 219 0 151 1
1 448 0 106 1
1 162 0 235 1
1 433 1 27 0
1 31 0 264 1
1 190 0 324 1
1 304 1 54 0
1 39 0 399 1
1 115 1 174 0
1 344 1 360 0
1 168 0 194 1
1 169 1 328 0
1 261 0 325 1
1 157 0 314 1
1 292 0 294 1
1 331 0 15 1
1 46 1 283 0
1 217 0 304 1
1 23 1 155 0
1 330 0 150 1
1 418 1 121 0
1 473 0 227 1
1 272 0 113 1
1 130 0 483 1
1 287 1 75 0
1 348 1 56 0
1 268 0 21 1
1 480 1 130 0
1 442 1 141 0
1 444 1 335 0
1 36 0 279 1
1 447 0 179 1
1 164 0 168 1
1 482 0 283 1
1 322 0 317 1
1 432 0 342 1
1 39 1 12 0
1 170 1 310 0
1 124 0 396 1
1 298 1 12 0
1 72 1 247 0
1 67 0 340 1
1 364 1 51 0
1 71 1 310 0
1 288 0 19 1
1 246 1 421 0
1 395 0 197 1
1 104 1 160 0
1 462 0 90 1
1 442 1 385 0
1 8 0 378 1
1 231 1 47 0
1 389 1 400 0
1 453 1 115 0
1 397 1 352 0
1 126 1 469 0
1 103 1 290 0
1 410 1 466 0
1 437 0 480 1
1 280 0 230 1
1 101 0 128 1
1 252 1 97 0
1 324 1 355 0
1 256 0 290 1
1 46 1 202 0
1 180 0 151 1
1 84 0 12 1
1 197 1 75 0
1 14 1 251 0
1 189 0 410 1
1 108 1 411 0
1 383 0 210 1
1 205 1 297 0
1 181 1 147 0
1 379 0 62 1
1 473 1 479 0
1 189 0 229 1
1 80 1 115 0
1 185 0 335 1
1 404 0 327 1
1 138 0 185 1
1 477 1 318 0
1 197 1 275 0
1 392 0 210 1
1 31 1 182 0
1 124 0 138 1
1 98 0 109 1
1 347 1 302 0
1 7 1 129 0
1 448 0 385 1
1 191 1 27 0
1 368 1 476 0
1 255 1 49 0
1 95 1 41 0
1 480 1 101 0
1 368 0 122 1
1 382 1 349 0
1 440 0 83 1
1 129 1 433 0
1 389 0 256 1
1 120 1 115 0
1 393 0 314 1
1 223 0 341 1
1 217 0 229 1
1 470 1 267 0
1 216 1 262 0
1 293 1 88 0
1 242 1 150 0
1 137 1 434 0
1 190 0 121 1
1 136 0 62 1
1 340 1 22 0
1 13 0 284 1
1 202 0 238 1
1 318 1 95 0
1 493 1 437 0
1 209 1 487 0
1 352 1 33 0
1 332 1 74 0
1 359 0 306 1
1 437 1 176 0
1 169 0 234 1
1 263 1 411 0
1 383 1 1 0
1 446 0 175 1
1 219 0 86 1
1 333 0 63 1
1 107 1 345 0
1 443 0 308 1
1 184 0 265 1
1 403 1 278 0
1 304 1 213 0
1 269 1 257 0
1 343 0 106 1
1 427 1 303 0
1 13 0 368 1
1 478 0 182 1
1 204 1 342 0
1 194 0 188 1
1 440 1 144 0
1 362 0 163 1
1 229 1 200 0
1 322 0 432 1
1 146 0 366 1
1 245 0 330 1
1 232 1 249 0
1 112 1 40 0
1 63 0 478 1
1 394 1 7 0
1 88 1 325 0
1 406 0 197 1
1 198 1 388 0
1 378 1 401 0
1 332 0 76 1
1 190 1 276 0
1 316 1 57 0
1 40 1 146 0
1 353 1 458 0
1 83 0 3 1
1 425 1 424 0
1 429 1 161 0
1 177 0 143 1
1 298 0 336 1
1 125 0 196 1
1 440 1 309 0
1 25 0 350 1
1 10 1 319 0
1 340 0 485 1
1 321 0 176 1
1 162 1 16 0
1 53 1 478 0
1 72 1 92 0
1 128 0 424 1
1 151 0 307 1
1 28 0 80 1
1 235 0 457 1
1 337 0 13 1
1 201 0 139 1
1 349 1 325 0
1 431 1 390 0
1 138 0 58 1
1 244 1 147 0
1 473 0 88 1
1 233 1 299 0
1 360 1 395 0
1 314 0 412 1
1 377 0 482 1
1 105 1 106 0
1 12 0 352 1
1 413 1 136 0
1 33 0 249 1
1 97 0 370 1
1 262 0 297 1
1 110 0 212 1
1 223 1 143 0
1 106 0 457 1
1 200 1 446 0
1 206 0 177 1
1 39 1 438 0
1 77 0 495 1
1 337 0 390 1
1 412 1 218 0
1 473 0 118 1
1 421 0 86 1
1 72 0 435 1
1 222 1 104 0
1 188 0 415 1
1 473 0 449 1
1 314 1 185 0
1 262 0 41 1
1 327 0 367 1
1 3 1 128 0
1 318 1 208 0
1 401 0 453 1
1 150 0 478 1
1 452 1 89 0
1 469 1 465 0
1 306 0 447 1
1 185 1 328 0
1 134 0 256 1
1 267 1 355 0
1 456 1 455 0
1 275 1 434 0
1 10 0 190 1
1 220 0 272 1
1 230 1 51 0
1 240 0 329 1
1 275 0 159 1
1 138 1 180 0
1 213 1 385 0
1 162 0 267 1
1 473 1 136 0
1 333 0 380 1
1 184 0 22 1
1 213 1 414 0
1 374 1 479 0
1 274 0 335 1
1 40 0 150 1
1 370 1 50 0
1 339 1 94 0
1 418 0 170 1
1 241 0 162 1
1 4 1 20 0
1 418 1 238 0
1 296 1 135 0
1 127 1 458 0
1 401 0 104 1
1 195 1 239 0
1 484 0 475 1
1 357 0 201 1
1 393 0 333 1
1 281 0 268 1
1 269 0 321 1
1 417 0 240 1
1 370 1 357 0
1 430 1 389 0
1 32 0 175 1
1 55 0 132 1
1 291 1 472 0
1 369 0 91 1
1 209 0 98 1
1 150 0 114 1
1 201 0 344 1
1 449 1 189 0
1 420 0 408 1
1 486 0 415 1
1 342 0 272 1
1 187 1 115 0
1 97 0 206 1
1 354 1 68 0
1 164 0 288 1
1 456 0 292 1
1 64 0 112 1
1 423 1 451 0
1 186 1 394 0
1 46 0 394 1
1 491 0 196 1
1 109 0 293 1
1 141 0 160 1
1 482 0 163 1
1 72 0 74 1
1 82 1 15 0
1 345 0 365 1
1 129 1 43 0
1 172 1 84 0
1 207 1 336 0
1 468 1 264 0
1 132 0 133 1
1 376 0 157 1
1 88 0 163 1
1 55 1 230 0
1 61 0 147 1
1 27 1 169 0
1 439 0 265 1
1 328 1 27 0
1 427 1 1 0
1 101 1 110 0
1 15 1 47 0
1 474 1 240 0
1 90 1 151 0
1 420 0 393 1
1 88 1 489 0
1 162 0 219 1
1 223 0 139 1
1 375 1 310 0
1 301 0 31 1
1 45 0 361 1
1 274 0 168 1
1 131 0 218 1
1 432 0 61 1
1 341 1 363 0
1 158 0 43 1
1 472 1 270 0
1 90 1 53 0
1 111 0 179 1
1 300 0 36 1
1 76 0 387 1
1 126 1 334 0
1 110 1 349 0
1 472 0 87 1
1 260 0 277 1
1 117 1 401 0
1 239 0 391 1
1 74 0 467 1
1 210 0 10 1
1 32 0 152 1
1 470 0 189 1
1 195 1 48 0
1 60 0 284 1
1 197 0 171 1
1 64 0 1 1
1 206 0 236 1
1 387 0 428 1
1 75 1 99 0
1 281 0 51 1
1 185 0 143 1
1 425 0 398 1
1 48 0 168 1
1 390 0 218 1
1 236 0 201 1
1 228 1 267 0
1 353 1 299 0
1 58 0 52 1
1 443 1 117 0
1 432 1 145 0
1 384 1 495 0
1 145 1 94 0
1 332 0 134 1
1 124 1 406 0
1 329 0 6 1
1 59 1 115 0
1 148 0 483 1
1 114 1 293 0
1 252 0 9 1
1 15 0 90 1
1 209 0 339 1
1 356 1 163 0
1 142 1 15 0
1 311 0 90 1
1 229 1 247 0
1 234 0 117 1
1 343 1 475 0
1 308 1 277 0
1 210 1 431 0
1 187 0 43 1
1 38 0 342 1
1 254 0 186 1
1 329 1 368 0
1 478 0 183 1
1 376 1 94 0
1 272 0 186 1
1 433 1 229 0
1 446 0 79 1
1 341 0 261 1
1 265 1 74 0
1 110 1 100 0
1 287 1 54 0
1 80 0 99 1
1 330 1 289 0
1 131 1 22 0
1 429 1 169 0
1 460 0 187 1
1 451 1 294 0
1 59 1 35 0
1 78 1 36 0
1 128 1 446 0
1 319 0 65 1
1 276 1 269 0
1 241 1 121 0
1 34 0 10 1
1 291 1 240 0
1 110 0 83 1
1 294 0 286 1
1 278 1 128 0
1 176 0 409 1
1 246 0 109 1
1 179 1 211 0
1 393 0 134 1
1 106 1 451 0
1 168 1 280 0
1 89 1 392 0
1 327 1 407 0
1 457 1 107 0
1 180 1 299 0
1 325 1 310 0
1 308 1 120 0
1 55 0 19 1
1 299 0 348 1
1 304 0 82 1
1 77 0 480 1
1 92 1 323 0
1 190 0 270 1
1 135 0 87 1
1 5 0 240 1
1 140 0 269 1
1 24 1 228 0
1 165 0 350 1
1 236 1 223 0
1 58 0 415 1
1 26 1 382 0
1 229 1 431 0
1 104 0 283 1
1 449 1 402 0
1 232 1 355 0
1 483 0 309 1
1 339 0 176 1
1 136 1 130 0
1 47 0 270 1
1 217 1 51 0
1 111 1 453 0
1 319 0 231 1
1 185 1 86 0
1 182 0 420 1
1 308 0 239 1
1 436 0 431 1
1 223 1 169 0
1 366 0 326 1
1 54 0 416 1
1 232 1 382 0
1 275 1 317 0
1 195 0 215 1
1 492 1 427 0
1 345 1 44 0
1 298 0 66 1
1 191 1 408 0
1 23 1 112 0
1 143 1 304 0
1 197 1 324 0
1 325 1 106 0
1 165 1 265 0
1 41 0 387 1
1 35 1 8 0
1 217 0 185 1
1 424 0 448 1
1 72 0 203 1
1 366 1 266 0
1 418 1 363 0
1 198 1 364 0
1 8 0 495 1
1 31 0 198 1
1 10 0 150 1
1 406 0 152 1
1 453 0 107 1
1 78 1 282 0
1 310 1 339 0
1 148 0 447 1
1 230 0 182 1
1 57 0 48 1
1 367 1 480 0
1 495 1 438 0
1 284 1 463 0
1 305 1 303 0
1 427 1 7 0
1 171 1 434 0
1 104 0 201 1
1 233 1 113 0
1 350 0 144 1
1 361 1 404 0
1 347 1 40 0
1 287 0 258 1
1 378 1 434 0
1 307 0 112 1
1 121 0 363 1
1 159 1 89 0
1 444 1 256 0
1 128 0 232 1
1 223 0 432 1
1 40 0 154 1
1 41 1 307 0
1 189 1 144 0
1 110 0 23 1
1 353 1 459 0
1 263 0 315 1
1 368 1 212 0
1 355 0 159 1
1 469 0 237 1
1 195 1 280 0
1 446 0 412 1
1 244 1 206 0
1 5 0 192 1
1 63 1 132 0
1 424 0 382 1
1 165 0 65 1
1 137 0 205 1
1 468 0 422 1
1 445 1 82 0
1 445 0 302 1
1 143 0 212 1
1 122 1 112 0
1 423 1 476 0
1 367 1 494 0
1 314 1 66 0
1 375 0 361 1
1 477 0 124 1
1 169 1 481 0
1 315 1 231 0
1 214 0 340 1
1 215 1 379 0
1 6 1 351 0
1 88 0 474 1
1 278 0 135 1
1 157 0 324 1
1 436 0 299 1
1 40 1 159 0
1 410 0 65 1
1 236 1 282 0
1 160 0 55 1
1 347 1 136 0
1 17 0 329 1
1 259 0 185 1
1 411 1 176 0
1 416 1 227 0
1 117 1 135 0
1 207 1 123 0
1 87 1 294 0
1 198 0 364 1
1 30 0 354 1
1 289 1 466 0
1 158 1 426 0
1 129 0 169 1
1 92 0 365 1
1 450 1 251 0
1 21 1 399 0
1 386 1 37 0
1 232 1 247 0
1 222 1 244 0
1 24 0 239 1
1 72 0 237 1
1 470 0 278 1
1 456 0 61 1
1 174 1 255 0
1 27 1 203 0
1 114 1 315 0
1 173 0 368 1
1 245 1 399 0
1 138 1 336 0
1 365 1 93 0
1 188 1 385 0
1 491 1 176 0
1 23 1 324 0
1 24 1 244 0
1 169 0 144 1
1 84 1 241 0
1 380 1 58 0
1 23 1 341 0
1 119 0 196 1
1 100 0 242 1
1 399 1 310 0
1 61 1 173 0
1 279 0 403 1
1 76 1 417 0
1 340 0 440 1
1 14 1 33 0
1 426 1 106 0
1 305 1 449 0
1 31 1 328 0
1 294 0 199 1
1 471 1 378 0
1 439 1 452 0
1 435 1 64 0
1 297 0 155 1
1 259 1 494 0
1 396 0 259 1
1 405 0 59 1
1 34 0 189 1
1 461 1 109 0
1 207 0 305 1
1 151 1 220 0
1 434 0 178 1
1 422 0 243 1
1 131 1 452 0
1 172 1 27 0
1 155 1 244 0
1 404 1 196 0
1 201 0 440 1
1 259 1 99 0
1 100 0 119 1
1 194 1 97 0
1 475 0 104 1
1 155 0 13 1
1 389 0 120 1
1 218 1 100 0
1 27 0 465 1
1 416 0 62 1
1 148 1 342 0
1 305 0 375 1
1 298 0 78 1
1 401 1 54 0
1 322 0 309 1
1 346 0 27 1
1 351 1 206 0
1 125 1 450 0
1 422 0 319 1
1 51 0 401 1
1 24 0 303 1
1 413 1 412 0
1 422 1 232 0
1 16 1 50 0
1 202 1 431 0
1 112 1 446 0
1 277 1 18 0
1 325 1 176 0
1 192 0 231 1
1 326 0 18 1
1 141 0 177 1
1 44 0 491 1
1 479 1 266 0
1 47 0 405 1
1 186 0 195 1
1 310 1 209 0
1 2 0 324 1
1 125 0 25 1
1 61 1 237 0
1 172 0 359 1
1 172 0 283 1
1 309 0 50 1
1 397 1 235 0
1 322 1 93 0
1 465 1 152 0
1 425 0 348 1
1 300 0 409 1
1 118 1 444 0
1 318 0 400 1
1 143 1 230 0
1 113 1 144 0
1 58 1 334 0
1 265 1 215 0
1 172 1 436 0
1 175 0 343 1
1 320 1 483 0
1 392 1 318 0
1 320 1 218 0
1 411 0 289 1
1 467 0 220 1
1 98 0 396 1
1 72 0 495 1
1 406 0 287 1
1 443 1 229 0
1 191 0 90 1
1 60 0 401 1
1 330 1 214 0
1 336 0 99 1
1 429 0 13 1
1 40 1 205 0
1 355 1 456 0
1 193 0 349 1
1 279 1 114 0
1 168 0 194 1
1 402 0 139 1
1 15 1 102 0
1 137 1 86 0
1 101 1 144 0
1 372 1 48 0
1 469 0 68 1
1 234 1 33 0
1 70 0 68 1
1 247 1 405 0
1 263 0 277 1
1 417 1 302 0
1 481 1 374 0
1 263 1 275 0
1 227 1 46 0
1 388 1 491 0
1 336 1 392 0
1 232 1 350 0
1 493 1 368 0
1 37 1 195 0
1 113 1 409 0
1 339 0 87 1
1 78 0 77 1
1 119 1 147 0
1 241 0 365 1
1 56 1 8 0
1 243 0 473 1
1 407 1 229 0
1 448 0 174 1
1 8 1 179 0
1 316 1 396 0
1 174 1 253 0
1 292 0 405 1
1 204 1 386 0
1 374 1 240 0
1 85 0 487 1
1 250 0 423 1
1 78 1 424 0
1 101 0 293 1
1 75 1 341 0
1 260 1 228 0
1 348 0 7 1
1 302 1 259 0
1 235 1 254 0
1 34 1 243 0
1 432 1 446 0
1 240 1 207 0
1 203 0 133 1
1 214 1 8 0
1 23 0 189 1
1 345 0 204 1
1 180 0 99 1
1 228 1 354 0
1 28 0 328 1
1 249 0 199 1
1 270 0 13 1
1 426 1 122 0
1 19 1 232 0
1 478 1 351 0
1 485 0 113 1
1 195 1 23 0
1 64 0 434 1
1 230 0 363 1
1 168 0 45 1
1 371 1 190 0
1 233 1 317 0
1 490 0 15 1
1 17 0 222 1
1 368 0 141 1
1 151 0 121 1
1 340 1 420 0
1 230 1 367 0
1 143 0 346 1
1 104 1 222 0
1 201 0 190 1
1 335 1 395 0
1 213 1 398 0
1 430 1 44 0
1 362 0 102 1
1 185 1 334 0
1 388 1 417 0
1 155 1 479 0
1 431 1 172 0
1 205 1 401 0
1 312 0 452 1
1 123 1 253 0
1 376 0 353 1
1 125 1 120 0
1 203 0 325 1
1 342 1 5 0
1 19 1 181 0
1 399 1 328 0
1 180 1 430 0
1 468 1 46 0
1 133 1 157 0
1 380 0 122 1
1 79 0 136 1
1 105 1 111 0
1 404 1 406 0
1 16 0 318 1
1 362 1 139 0
1 75 1 242 0
1 93 1 296 0
1 361 1 392 0
1 125 1 207 0
1 396 1 241 0
1 484 1 396 0
1 170 1 168 0
1 330 0 143 1
1 311 0 64 1
1 299 1 292 0
1 185 1 474 0
1 427 1 386 0
1 90 0 433 1
1 296 1 202 0
1 255 0 162 1
1 437 1 329 0
1 5 1 34 0
1 227 1 462 0
1 425 1 351 0
1 271 0 325 1
1 193 1 259 0
1 225 1 363 0
1 29 1 156 0
1 107 0 339 1
1 219 0 7 1
1 232 0 5 1
1 481 1 260 0
1 390 1 172 0
1 197 0 287 1
1 373 1 451 0
1 50 1 315 0
1 382 1 54 0
1 445 1 113 0
1 21 1 375 0
1 65 0 291 1
1 301 0 258 1
1 151 0 31 1
1 222 1 179 0
1 283 0 328 1
1 119 0 104 1
1 334 1 350 0
1 108 0 416 1
1 212 0 100 1
1 92 1 408 0
1 483 0 67 1
1 364 1 38 0
1 478 0 347 1
1 91 0 427 1
1 459 0 111 1
1 403 1 28 0
1 3 0 209 1
1 382 1 154 0
1 336 0 108 1
1 429 1 123 0
1 37 1 53 0
1 226 0 468 1
1 4 1 431 0
1 388 1 215 0
1 132 1 82 0
1 128 1 119 0
1 148 1 93 0
1 156 1 130 0
1 439 0 247 1
1 61 0 4 1
1 454 0 464 1
1 31 0 59 1
1 274 1 15 0
1 212 0 114 1
1 219 0 145 1
1 236 1 353 0
1 294 0 64 1
1 325 0 298 1
1 494 1 217 0
1 114 0 130 1
1 298 0 241 1
1 248 1 47 0
1 430 1 6 0
1 176 0 470 1
1 252 1 334 0
1 473 0 307 1
1 399 0 106 1
1 365 0 177 1
1 120 0 178 1
1 387 0 435 1
1 323 1 127 0
1 292 1 218 0
1 287 0 121 1
1 20 0 285 1
1 435 0 134 1
1 16 0 334 1
1 471 0 361 1
1 381 1 8 0
1 366 0 61 1
1 477 1 122 0
1 491 1 455 0
1 30 0 491 1
1 162 0 395 1
1 269 1 378 0
1 174 1 160 0
1 317 1 1 0
1 287 1 114 0
1 316 1 78 0
1 331 0 432 1
1 460 0 270 1
1 70 1 475 0
1 206 1 143 0
1 340 1 91 0
1 150 0 210 1
1 248 0 228 1
1 428 1 244 0
1 284 1 458 0
1 336 0 445 1
1 454 0 110 1
1 327 1 132 0
1 269 0 149 1
1 230 1 157 0
1 359 0 50 1
1 332 0 291 1
1 481 1 296 0
1 163 0 153 1
1 372 0 368 1
1 392 1 314 0
1 458 1 143 0
1 125 1 210 0
1 370 0 58 1
1 55 0 159 1
1 117 1 391 0
1 205 0 172 1
1 5 0 37 1
1 400 0 370 1
1 282 0 134 1
1 32 0 242 1
1 280 1 363 0
1 37 0 363 1
1 260 1 199 0
1 117 1 233 0
1 71 1 110 0
1 51 1 130 0
1 252 1 176 0
1 340 1 223 0
1 330 0 491 1
1 381 1 48 0
1 386 1 91 0
1 316 1 487 0
1 224 0 220 1
1 362 1 10 0
1 451 0 393 1
1 251 1 332 0
1 357 1 384 0
1 296 1 218 0
1 88 0 412 1
1 450 1 255 0
1 123 0 6 1
1 385 0 374 1
1 278 1 229 0
1 102 0 209 1
1 224 1 84 0
1 256 0 212 1
1 271 1 76 0
1 300 1 96 0
1 392 0 166 1
1 105 0 347 1
1 160 1 452 0
1 281 1 118 0
1 341 0 81 1
1 335 0 30 1
1 95 1 290 0
1 284 1 217 0
1 392 1 173 0
1 193 1 174 0
1 3 1 391 0
1 479 1 324 0
1 474 0 239 1
1 40 0 347 1
1 411 0 436 1
1 442 1 404 0
1 204 1 149 0
1 353 1 363 0
1 202 1 138 0
1 83 0 47 1
1 218 0 417 1
1 173 1 312 0
1 308 0 457 1
1 131 1 204 0
1 134 0 323 1
1 474 1 234 0
1 218 0 457 1
1 62 1 293 0
1 297 0 198 1
1 144 1 309 0
1 138 1 188 0
1 218 1 341 0
1 336 0 75 1
1 306 0 139 1
1 212 1 388 0
1 283 0 31 1
1 406 1 455 0
1 440 1 219 0
1 416 0 75 1
1 24 0 152 1
1 494 1 3 0
1 385 0 313 1
1 61 0 446 1
1 110 1 455 0
1 148 0 351 1
1 268 1 382 0
1 140 0 87 1
1 228 0 77 1
1 161 0 38 1
1 215 1 469 0
1 27 0 2 1
1 5 0 432 1
1 457 0 444 1
1 155 0 474 1
1 120 0 179 1
1 130 0 215 1
1 278 1 116 0
1 32 1 435 0
1 163 0 238 1
1 394 0 407 1
1 190 1 264 0
1 294 1 329 0
1 350 0 123 1
1 405 1 16 0
1 160 1 222 0
1 484 1 283 0
1 223 0 90 1
1 219 0 281 1
1 135 1 374 0
1 357 1 351 0
1 154 0 88 1
1 70 1 33 0
1 204 1 101 0
1 467 0 366 1
1 436 0 463 1
1 375 0 130 1
1 231 1 173 0
1 61 1 85 0
1 392 1 465 0
1 100 0 153 1
1 288 0 186 1
1 435 0 113 1
1 372 1 158 0
1 490 1 12 0
1 133 1 351 0
1 362 0 286 1
1 439 0 34 1
1 318 0 244 1
1 231 1 387 0
1 211 1 171 0
1 354 1 90 0
1 398 0 89 1
1 359 1 458 0
1 173 1 255 0
1 29 1 370 0
1 407 0 317 1
1 157 1 346 0
1 31 0 33 1
1 9 1 25 0
1 376 0 105 1
1 29 1 319 0
1 138 0 443 1
1 164 0 368 1
1 334 1 374 0
1 141 0 289 1
1 464 1 43 0
1 377 0 327 1
1 102 0 152 1
1 184 1 130 0
1 26 1 95 0
1 48 1 279 0
1 43 0 78 1
1 311 0 51 1
1 103 1 54 0
1 288 0 80 1
1 158 1 413 0
1 495 0 392 1
1 361 1 163 0
1 361 0 296 1
1 41 1 6 0
1 90 0 106 1
1 145 1 466 0
1 433 1 343 0
1 219 0 218 1
1 473 1 244 0
1 312 0 122 1
1 124 1 354 0
1 200 0 37 1
1 6 0 399 1
1 90 0 391 1
1 478 0 344 1
1 308 1 79 0
1 240 1 270 0
1 241 1 105 0
1 71 0 378 1
1 208 0 257 1
1 484 1 449 0
1 324 1 23 0
1 297 0 48 1
1 240 0 371 1
1 388 0 56 1
1 492 0 17 1
1 12 1 293 0
1 53 1 17 0
1 196 1 239 0
1 9 0 275 1
1 87 1 317 0
1 450 0 326 1
1 188 1 195 0
1 430 1 355 0
1 78 0 239 1
1 116 1 66 0
1 193 0 440 1
1 185 1 489 0
1 487 0 424 1
1 364 0 476 1
1 81 1 360 0
1 492 0 92 1
1 255 1 146 0
1 206 0 52 1
1 384 0 214 1
1 327 1 470 0
1 132 1 281 0
1 300 1 320 0
1 78 1 332 0
1 179 1 252 0
1 75 1 295 0
1 414 0 267 1
1 336 1 103 0
1 357 1 327 0
1 31 0 225 1
1 307 1 111 0
1 187 1 401 0
1 300 0 441 1
1 51 0 10 1
1 492 0 435 1
1 223 1 420 0
1 11 1 355 0
1 303 1 311 0
1 276 1 477 0
1 244 0 454 1
1 233 0 318 1
1 253 0 151 1
1 187 0 93 1
1 350 1 48 0
1 21 0 380 1
1 273 1 425 0
1 92 1 61 0
1 427 1 488 0
1 103 0 477 1
1 99 1 196 0
1 18 0 419 1
1 218 0 126 1
1 278 0 25 1
1 436 0 155 1
1 6 1 281 0
1 113 1 335 0
1 103 1 463 0
1 87 0 289 1
1 157 0 436 1
1 337 0 275 1
1 417 1 211 0
1 204 0 110 1
1 271 1 232 0
1 103 0 470 1
1 213 0 201 1
1 170 1 328 0
1 124 0 387 1
1 453 0 3 1
1 13 1 490 0
1 157 0 115 1
1 275 1 367 0
1 449 0 474 1
1 334 0 40 1
1 268 0 92 1
1 77 1 206 0
1 366 0 493 1
1 18 0 171 1
1 108 1 385 0
1 402 1 210 0
1 359 1 217 0
1 12 1 33 0
1 146 1 233 0
1 420 1 200 0
1 235 1 34 0
1 194 1 489 0
1 149 0 70 1
1 360 1 102 0
1 48 0 295 1
1 239 1 412 0
1 386 0 315 1
1 219 0 354 1
1 313 0 236 1
1 29 0 22 1
1 125 1 33 0
1 328 1 483 0
1 249 1 339 0
1 118 1 491 0
1 76 0 139 1
1 195 0 408 1
1 172 1 388 0
1 401 0 320 1
1 59 1 265 0
1 24 0 203 1
1 161 0 262 1
1 120 0 51 1
1 178 0 338 1
1 404 0 92 1
1 176 1 35 0
1 113 0 300 1
1 67 1 440 0
1 385 1 412 0
1 381 0 7 1
1 407 0 456 1
1 145 0 106 1
1 368 1 316 0
1 95 0 370 1
1 238 1 250 0
1 236 1 261 0
1 452 1 396 0
1 124 0 76 1
1 49 1 398 0
1 16 0 452 1
1 490 1 191 0
1 88 0 204 1
1 92 1 154 0
1 149 1 476 0
1 167 1 34 0
1 482 1 78 0
1 91 0 131 1
1 280 0 459 1
1 49 1 471 0
1 333 0 286 1
1 225 1 171 0
1 148 1 182 0
1 71 0 368 1
1 354 0 119 1
1 270 0 369 1
1 173 0 264 1
1 161 0 260 1
1 468 1 253 0
1 16 1 218 0
1 233 0 182 1
1 348 0 317 1
1 357 0 438 1
1 447 0 238 1
1 3 1 97 0
1 214 1 433 0
1 479 1 40 0
1 108 0 131 1
1 318 1 178 0
1 100 1 177 0
1 297 1 370 0
1 147 1 469 0
1 235 0 405 1
1 330 0 207 1
1 162 0 345 1
1 26 0 491 1
1 129 1 373 0
1 312 0 87 1
1 316 1 361 0
1 324 0 318 1
1 457 0 139 1
1 255 1 43 0
1 276 1 362 0
1 270 0 98 1
1 142 0 370 1
1 371 0 40 1
1 244 1 120 0
1 110 1 478 0
1 29 0 439 1
1 287 0 190 1
1 386 0 409 1
1 185 0 19 1
1 287 1 99 0
1 202 1 107 0
1 459 0 127 1
1 26 0 420 1
1 266 0 378 1
1 64 0 143 1
1 341 0 334 1
1 240 0 482 1
1 208 0 213 1
1 26 0 53 1
1 332 0 135 1
1 35 1 360 0
1 176 1 418 0
1 54 0 66 1
1 332 0 335 1
1 181 0 220 1
1 433 0 382 1
1 326 1 396 0
1 13 0 448 1
1 418 0 375 1
1 330 0 83 1
1 22 0 176 1
1 416 0 359 1
1 259 0 128 1
1 76 1 285 0
1 180 1 407 0
1 21 1 312 0
1 271 0 196 1
1 331 1 421 0
1 358 0 264 1
1 357 0 140 1
1 483 0 295 1
1 123 1 410 0
1 292 1 233 0
1 363 0 311 1
1 112 0 197 1
1 394 1 231 0
1 469 0 411 1
1 191 1 233 0
1 44 0 266 1
1 119 0 320 1
1 274 1 139 0
1 233 1 146 0
1 432 0 166 1
1 71 1 391 0
1 429 1 427 0
1 36 0 417 1
1 323 0 158 1
1 331 0 217 1
1 390 0 198 1
1 129 0 104 1
1 492 0 124 1
1 431 1 67 0
1 40 1 126 0
1 299 1 83 0
1 391 1 19 0
1 4 1 266 0
1 255 1 334 0
1 411 0 191 1
1 4 0 481 1
1 86 1 432 0
1 14 0 218 1
1 353 0 434 1
1 376 1 286 0
1 155 1 367 0
1 85 1 380 0
1 72 1 178 0
1 9 1 7 0
1 245 0 48 1
1 132 0 145 1
1 227 0 124 1
1 164 0 327 1
1 389 0 418 1
1 165 1 304 0
1 210 0 168 1
1 386 1 392 0
1 202 0 2 1
1 115 1 156 0
1 435 0 92 1
1 441 1 191 0
1 60 1 128 0
1 172 0 132 1
1 305 0 180 1
1 138 1 54 0
1 324 1 367 0
1 199 0 55 1
1 490 0 362 1
1 382 0 481 1
1 284 0 148 1
1 386 1 95 0
1 316 0 277 1
1 486 1 119 0
1 375 0 105 1
1 274 0 411 1
1 196 0 220 1
1 203 0 256 1
1 444 0 374 1
1 484 0 253 1
1 59 1 126 0
1 307 1 382 0
1 492 0 10 1
1 39 1 89 0
1 468 0 22 1
1 74 0 353 1
1 169 0 459 1
1 447 1 86 0
1 337 0 437 1
1 204 1 313 0
1 144 1 478 0
1 228 1 339 0
1 299 0 430 1
1 196 0 247 1
1 309 0 184 1
1 101 1 464 0
1 350 1 403 0
1 18 0 485 1
1 93 1 87 0
1 11 1 263 0
1 439 1 180 0
1 227 0 487 1
1 362 0 165 1
1 31 0 71 1
1 80 1 174 0
1 150 1 307 0
1 114 1 50 0
1 339 0 310 1
1 393 1 152 0
1 95 1 493 0
1 217 1 6 0
1 405 0 168 1
1 11 0 24 1
1 158 1 103 0
1 111 0 168 1
1 366 0 151 1
1 444 1 194 0
1 143 1 311 0
1 455 1 270 0
1 478 0 39 1
1 443 1 132 0
1 443 0 61 1
1 181 1 286 0
1 467 1 175 0
1 39 1 67 0
1 172 0 255 1
1 72 1 178 0
1 422 1 179 0
1 202 1 181 0
1 379 1 312 0
1 349 1 346 0
1 64 0 297 1
1 44 1 303 0
1 209 0 100 1
1 77 1 191 0
1 236 1 24 0
1 419 1 183 0
1 85 1 104 0
1 70 0 56 1
1 278 0 205 1
1 219 1 52 0
1 61 1 388 0
1 229 0 482 1
1 71 1 430 0
1 168 0 449 1
1 343 1 118 0
1 396 0 407 1
1 16 1 41 0
1 311 1 225 0
1 141 1 388 0
1 17 1 473 0
1 411 0 436 1
1 257 1 97 0
1 141 0 326 1
1 250 1 419 0
1 132 1 468 0
1 72 1 192 0
1 360 1 300 0
1 178 1 431 0
1 332 1 442 0
1 481 0 179 1
1 161 1 382 0
1 187 1 177 0
1 422 0 3 1
1 3 0 164 1
1 390 1 19 0
1 141 1 402 0
1 454 1 397 0
1 4 0 100 1
1 324 0 253 1
1 120 0 455 1
1 225 1 191 0
1 151 1 187 0
1 92 1 426 0
1 122 0 423 1
1 469 1 204 0
1 204 0 135 1
1 187 0 390 1
1 408 0 211 1
1 489 0 410 1
1 374 1 480 0
1 30 0 117 1
1 387 1 484 0
1 18 0 487 1
1 185 0 439 1
1 341 0 401 1
1 398 1 70 0
1 193 0 151 1
1 256 1 284 0
1 81 0 474 1
1 309 0 151 1
1 280 1 17 0
1 382 0 466 1
1 8 1 294 0
1 181 0 2 1
1 305 0 157 1
1 83 1 335 0
1 273 0 469 1
1 420 1 387 0
1 62 0 109 1
1 330 1 402 0
1 14 0 233 1
1 472 0 206 1
1 480 0 329 1
1 91 0 65 1
1 405 0 399 1
1 312 1 286 0
1 415 1 199 0
1 256 1 423 0
1 492 1 39 0
1 26 0 302 1
1 292 0 108 1
1 238 0 69 1
1 179 1 162 0
1 57 0 240 1
1 270 1 387 0
1 147 1 380 0
1 221 0 220 1
1 187 0 205 1
1 150 1 277 0
1 366 1 156 0
1 181 1 182 0
1 441 1 197 0
1 477 0 299 1
1 124 0 76 1
1 434 0 246 1
1 377 1 230 0
1 451 1 216 0
1 395 1 134 0
1 377 0 451 1
1 470 0 248 1
1 439 1 218 0
1 132 0 164 1
1 39 0 318 1
1 465 0 286 1
1 196 0 335 1
1 441 1 376 0
1 119 0 484 1
1 78 0 100 1
1 287 1 298 0
1 175 0 322 1
1 146 1 153 0
1 56 0 101 1
1 368 0 52 1
1 331 1 346 0
1 7 0 402 1
1 98 0 48 1
1 125 0 326 1
1 211 0 260 1
1 245 1 181 0
1 50 1 441 0
1 117 1 491 0
1 418 0 235 1
1 81 1 495 0
1 432 1 367 0
1 395 0 111 1
1 193 1 142 0
1 361 0 345 1
1 339 1 330 0
1 396 1 174 0
1 181 1 4 0
1 177 1 375 0
1 51 1 398 0
1 206 1 359 0
1 163 0 450 1
1 141 0 212 1
1 395 1 257 0
1 304 1 318 0
1 94 1 384 0
1 414 1 30 0
1 352 1 410 0
1 237 1 49 0
1 56 0 199 1
1 490 1 394 0
1 34 1 487 0
1 169 1 214 0
1 491 1 346 0
1 93 1 143 0
1 248 1 395 0
1 103 1 410 0
1 350 1 243 0
1 224 0 346 1
1 102 0 32 1
1 265 0 195 1
1 18 0 184 1
1 321 1 369 0
1 98 0 159 1
1 20 0 251 1
1 358 1 14 0
1 149 1 391 0
1 6 0 318 1
1 206 1 98 0
1 265 0 395 1
1 240 0 17 1
1 392 0 343 1
1 29 0 246 1
1 187 1 252 0
1 193 1 288 0
1 380 1 458 0
1 84 0 397 1
1 146 1 6 0
1 368 1 340 0
1 165 0 387 1
1 192 0 124 1
1 2 1 341 0
1 116 0 104 1
1 260 0 418 1
1 201 1 126 0
1 414 1 43 0
1 142 1 310 0
1 482 0 267 1
1 157 0 173 1
1 120 1 350 0
1 63 0 5 1
1 312 1 243 0
1 3 0 59 1
1 249 0 370 1
1 495 0 15 1
1 358 0 192 1
1 235 1 360 0
1 134 1 350 0
1 463 0 393 1
1 369 0 266 1
1 23 0 287 1
1 308 0 261 1
1 102 1 294 0
1 130 1 258 0
1 68 1 249 0
1 209 0 227 1
1 253 0 122 1
1 470 1 353 0
1 180 1 320 0
1 227 1 180 0
1 431 1 187 0
1 468 1 170 0
1 51 1 106 0
1 121 1 115 0
1 100 1 489 0
1 380 1 219 0
1 377 0 192 1
1 81 0 478 1
1 87 1 210 0
1 338 0 252 1
1 459 1 51 0
1 478 0 313 1
1 173 1 54 0
1 170 1 449 0
1 373 0 494 1
1 230 1 405 0
1 185 1 202 0
1 176 1 332 0
1 404 0 296 1
1 48 1 8 0
1 386 0 428 1
1 226 0 268 1
1 221 1 307 0
1 347 1 405 0
1 21 0 189 1
1 161 0 81 1
1 337 0 240 1
1 394 1 111 0
1 294 0 165 1
1 161 0 268 1
1 260 1 391 0
1 275 1 46 0
1 194 0 450 1
1 377 1 103 0
1 348 0 27 1
1 110 1 335 0
1 454 1 433 0
1 107 0 276 1
1 244 1 56 0
1 282 1 361 0
1 341 1 442 0
1 44 1 182 0
1 284 0 39 1
1 389 1 179 0
1 203 1 55 0
1 446 1 463 0
1 445 1 225 0
1 13 1 240 0
1 277 1 487 0
1 342 1 226 0
1 18 1 452 0
1 65 0 73 1
1 486 1 269 0
1 348 1 331 0
1 324 0 232 1
1 196 0 169 1
1 178 0 336 1
1 448 0 63 1
1 374 0 341 1
1 241 1 179 0
1 492 1 192 0
1 146 0 43 1
1 18 1 255 0
1 283 1 391 0
1 246 0 129 1
1 121 1 360 0
1 182 0 186 1
1 432 0 172 1
1 454 1 382 0
1 7 0 379 1
1 118 0 300 1
1 52 1 392 0
1 140 0 4 1
1 57 1 116 0
1 442 0 297 1
1 294 0 438 1
1 90 1 439 0
1 481 0 205 1
1 295 1 365 0
1 100 0 143 1
1 493 0 318 1
1 7 1 277 0
1 8 1 41 0
1 448 0 63 1
1 24 0 455 1
1 441 0 238 1
1 356 1 94 0
1 231 1 97 0
1 98 1 287 0
1 212 1 141 0
1 89 0 10 1
1 83 0 178 1
1 50 0 165 1
1 479 0 345 1
1 34 1 84 0
1 89 0 129 1
1 401 1 192 0
1 405 0 10 1
1 329 1 357 0
1 169 1 352 0
1 413 1 114 0
1 191 1 273 0
1 207 0 24 1
1 467 1 401 0
1 310 0 183 1
1 46 1 495 0
1 290 0 226 1
1 275 1 339 0
1 390 1 258 0
1 285 0 26 1
1 438 0 373 1
1 154 0 343 1
1 167 1 63 0
1 449 1 495 0
1 21 0 122 1
1 449 0 36 1
1 332 0 144 1
1 308 0 141 1
1 167 0 279 1
1 46 1 79 0
1 64 1 189 0
1 175 1 353 0
1 414 1 449 0
1 293 1 405 0
1 309 0 83 1
1 430 0 251 1
1 57 0 185 1
1 99 0 223 1
1 247 1 149 0
1 223 1 365 0
1 271 0 273 1
1 400 0 107 1
1 416 0 309 1
1 247 1 185 0
1 190 0 390 1
1 360 0 253 1
1 83 1 39 0
1 110 1 98 0
1 488 0 402 1
1 7 0 301 1
1 86 0 437 1
1 56 0 240 1
1 126 1 251 0
1 462 1 470 0
1 400 0 286 1
1 436 0 272 1
1 63 0 340 1
1 378 1 81 0
1 153 0 227 1
1 265 1 342 0
1 121 0 129 1
1 196 0 203 1
1 264 0 402 1
1 300 1 256 0
1 309 0 403 1
1 158 1 491 0
1 441 1 311 0
1 235 0 169 1
1 66 1 299 0
1 143 0 67 1
1 186 1 83 0
1 338 1 346 0
1 24 0 318 1
1 426 1 273 0
1 49 1 292 0
1 120 1 169 0
1 22 1 412 0
1 468 0 285 1
1 319 1 369 0
1 143 1 229 0
1 373 1 300 0
1 224 1 319 0
1 115 0 61 1
1 487 1 278 0
1 359 0 231 1
1 344 1 146 0
1 410 1 284 0
1 491 0 433 1
1 106 1 421 0
1 210 0 154 1
1 314 1 426 0
1 419 1 335 0
1 343 0 488 1
1 222 1 166 0
1 458 0 364 1
1 491 0 335 1
1 265 1 316 0
1 158 0 477 1
1 376 1 149 0
1 259 0 336 1
1 379 1 204 0
1 482 0 293 1
1 487 1 477 0
1 327 0 194 1
1 5 0 42 1
1 347 0 318 1
1 467 0 367 1
1 255 1 411 0
1 359 1 476 0
1 178 1 321 0
1 441 0 173 1
1 258 0 307 1
1 91 0 415 1
1 385 0 466 1
1 69 0 245 1
1 307 0 49 1
1 449 1 390 0
1 439 0 42 1
1 371 1 270 0
1 236 1 375 0
1 311 0 184 1
1 295 1 380 0
1 56 1 54 0
1 392 0 16 1
1 131 1 75 0
1 434 1 173 0
1 344 0 196 1
1 81 1 434 0
1 115 1 466 0
1 7 0 280 1
1 215 0 410 1
1 426 0 265 1
1 304 1 369 0
1 307 1 276 0
1 143 0 144 1
1 253 1 56 0
1 327 0 52 1
1 37 0 479 1
1 202 1 428 0
1 495 0 429 1
1 104 1 35 0
1 203 1 50 0
1 230 1 380 0
1 85 0 441 1
1 350 1 188 0
1 323 0 167 1
1 102 1 253 0
1 431 1 7 0
1 126 0 242 1
1 283 0 365 1
1 482 0 137 1
1 420 0 314 1
1 285 0 58 1
1 394 0 88 1
1 88 0 393 1
1 21 0 191 1
1 29 1 320 0
1 337 1 258 0
1 204 0 422 1
1 204 0 59 1
1 114 0 31 1
1 225 1 313 0
1 380 1 257 0
1 319 0 10 1
1 101 1 203 0
1 471 1 87 0
1 339 0 493 1
1 2 0 128 1
1 55 1 396 0
1 215 0 142 1
1 390 1 332 0
1 430 0 419 1
1 156 0 271 1
1 181 0 457 1
1 294 0 481 1
1 20 0 408 1
1 113 1 341 0
1 322 1 492 0
1 199 0 145 1
1 103 0 299 1
1 348 0 176 1
1 386 0 288 1
1 173 1 484 0
1 18 1 324 0
1 384 1 329 0
1 466 0 279 1
1 166 1 2 0
1 299 0 418 1
1 272 1 81 0
1 379 0 168 1
1 164 1 495 0
1 177 0 276 1
1 437 1 3 0
1 370 0 141 1
1 147 0 74 1
1 439 0 96 1
1 249 1 426 0
1 481 0 23 1
1 415 1 3 0
1 347 0 400 1
1 331 1 414 0
1 280 0 98 1
1 415 0 83 1
1 21 0 288 1
1 164 0 399 1
1 455 0 327 1
1 399 1 136 0
1 204 1 437 0
1 138 1 175 0
1 82 1 382 0
1 346 0 26 1
1 79 0 99 1
1 53 0 64 1
1 219 0 467 1
1 163 0 167 1
1 469 1 96 0
1 85 0 253 1
1 193 0 101 1
1 336 0 213 1
1 485 1 101 0
1 214 0 445 1
1 29 0 214 1
1 182 0 329 1
1 155 0 417 1
1 9 0 237 1
1 400 1 354 0
1 359 1 478 0
1 54 0 411 1
1 144 0 369 1
1 480 1 403 0
1 40 0 453 1
1 3 0 221 1
1 307 0 196 1
1 321 1 147 0
1 10 1 311 0
1 344 0 223 1
1 357 1 372 0
1 38 1 140 0
1 303 0 193 1
1 61 0 311 1
1 31 1 62 0
1 266 1 389 0
1 142 1 416 0
1 401 0 285 1
1 290 0 482 1
1 289 0 329 1
1 41 0 292 1
1 55 1 348 0
1 89 0 472 1
1 96 1 195 0
1 384 1 440 0
1 418 1 245 0
1 413 0 455 1
1 482 0 220 1
1 249 0 144 1
1 132 1 279 0
1 206 1 494 0
1 269 0 347 1
1 17 0 272 1
1 233 0 306 1
1 355 0 26 1
1 236 0 396 1
1 414 0 387 1
1 345 1 104 0
1 364 1 42 0
1 299 0 252 1
1 481 0 318 1
1 99 1 1 0
1 374 0 182 1
1 317 0 128 1
1 325 0 51 1
1 8 0 35 1
1 146 1 374 0
1 478 0 162 1
1 150 1 215 0
1 69 0 9 1
1 338 1 305 0
1 6 0 256 1
1 196 0 447 1
1 360 0 161 1
1 489 0 260 1
1 15 1 76 0
1 82 0 210 1
1 76 1 455 0
1 391 0 490 1
1 184 1 317 0
1 142 1 289 0
1 449 0 287 1
1 167 1 431 0
1 449 1 316 0
1 151 0 22 1
1 421 1 488 0
1 423 1 29 0
1 345 0 221 1
1 77 1 306 0
1 381 0 70 1
1 70 1 492 0
1 146 0 248 1
1 206 0 318 1
1 305 0 198 1
1 409 0 488 1
1 20 1 55 0
1 281 0 70 1
1 342 0 49 1
1 5 0 392 1
1 364 0 155 1
1 15 0 387 1
1 244 0 438 1
1 17 0 94 1
1 163 0 93 1
1 399 1 145 0
1 163 0 71 1
1 142 1 405 0
1 318 1 444 0
1 324 0 127 1
1 244 0 238 1
1 217 0 360 1
1 292 0 99 1
1 429 1 235 0
1 148 1 433 0
1 131 1 113 0
1 93 0 243 1
1 4 1 433 0
1 185 0 117 1
1 31 1 444 0
1 210 0 32 1
1 93 0 372 1
1 102 1 234 0
1 378 0 419 1
1 280 0 206 1
1 51 0 28 1
1 45 0 364 1
1 387 1 337 0
1 462 0 320 1
1 173 1 114 0
1 257 1 401 0
1 324 0 446 1
1 148 0 327 1
1 384 1 429 0
1 444 0 16 1
1 377 1 255 0
1 47 0 469 1
1 228 0 148 1
1 305 0 110 1
1 169 0 186 1
1 412 1 316 0
1 213 0 457 1
1 184 1 201 0
1 395 0 247 1
1 25 1 72 0
1 458 1 378 0
1 74 0 286 1
1 329 0 221 1
1 214 1 314 0
1 154 0 259 1
1 426 0 132 1
1 18 0 473 1
1 106 0 245 1
1 222 1 12 0
1 451 0 487 1
1 197 1 368 0
1 307 1 11 0
1 329 1 92 0
1 211 0 325 1
1 339 1 235 0
1 396 1 301 0
1 214 1 72 0
1 91 0 47 1
1 292 1 304 0
1 457 0 48 1
1 165 0 388 1
1 276 0 182 1
1 462 1 381 0
1 29 1 285 0
1 489 0 479 1
1 277 0 287 1
1 351 1 88 0
1 297 0 281 1
1 277 1 12 0
1 110 0 120 1
1 343 0 108 1
1 22 1 62 0
1 276 1 209 0
1 205 1 169 0
1 114 1 264 0
1 216 1 278 0
1 156 1 492 0
1 460 0 219 1
1 474 1 488 0
1 8 1 70 0
1 73 1 284 0
1 356 0 424 1
1 469 0 255 1
1 306 1 250 0
1 266 1 18 0
1 466 0 211 1
1 222 1 487 0
1 272 1 2 0
1 200 0 476 1
1 170 1 313 0
1 244 0 483 1
1 193 1 1 0
1 81 1 157 0
1 219 0 156 1
1 246 0 324 1
1 225 0 318 1
1 209 0 183 1
1 343 1 182 0
1 437 1 251 0
1 33 1 304 0
1 268 0 3 1
1 19 0 91 1
1 91 1 290 0
1 189 1 387 0
1 368 0 358 1
1 205 0 213 1
1 442 0 494 1
1 214 0 27 1
1 155 0 34 1
1 183 0 2 1
1 454 0 9 1
1 416 1 168 0
1 288 1 264 0
1 446 1 229 0
1 116 0 479 1
1 38 1 383 0
1 83 0 56 1
1 75 1 174 0
1 443 0 263 1
1 65 1 315 0
1 125 0 366 1
1 32 0 169 1
1 364 0 342 1
1 195 1 120 0
1 473 1 474 0
1 218 1 431 0
1 85 1 139 0
1 200 1 372 0
1 4 1 151 0
1 106 1 119 0
1 134 0 240 1
1 103 1 313 0
1 295 0 177 1
1 88 0 339 1
1 439 1 250 0
1 158 1 165 0
1 120 1 287 0
1 333 1 86 0
1 133 0 130 1
1 302 1 207 0
1 205 0 25 1
1 143 1 289 0
1 260 1 439 0
1 94 0 368 1
1 381 0 324 1
1 209 0 85 1
1 142 1 105 0
1 261 1 229 0
1 444 1 301 0
1 478 1 203 0
1 465 1 200 0
1 489 1 400 0
1 382 0 224 1
1 34 0 285 1
1 430 1 238 0
1 406 0 174 1
1 129 0 170 1
1 118 1 391 0
1 34 1 211 0
1 360 1 414 0
1 137 1 73 0
1 3 0 278 1
1 177 0 360 1
1 108 0 222 1
1 165 1 188 0
1 425 1 232 0
1 484 1 418 0
1 136 1 467 0
1 243 1 169 0
1 256 0 178 1
1 8 1 167 0
1 448 1 233 0
1 433 1 70 0
1 128 0 467 1
1 378 0 487 1
1 482 0 19 1
1 161 0 485 1
1 393 0 435 1
1 446 1 102 0
1 161 1 116 0
1 386 0 187 1
1 347 1 374 0
1 207 1 84 0
1 442 1 449 0
1 252 1 203 0
1 228 1 356 0
1 466 1 181 0
1 94 0 403 1
1 347 1 221 0
1 374 0 326 1
1 310 0 361 1
1 344 1 72 0
1 447 0 338 1
1 11 0 397 1
1 440 0 269 1
1 114 0 330 1
1 57 1 62 0
1 306 0 263 1
1 145 1 252 0
1 314 0 493 1
1 56 1 143 0
1 451 0 26 1
1 323 1 49 0
1 429 0 272 1
1 366 0 404 1
1 102 1 277 0
1 269 0 48 1
1 349 1 317 0
1 482 0 456 1
1 316 1 28 0
1 326 0 429 1
1 358 1 383 0
1 93 1 265 0
1 247 0 334 1
1 118 0 65 1
1 332 1 174 0
1 208 1 287 0
1 199 0 132 1
1 432 0 229 1
1 5 1 302 0
1 138 1 204 0
1 84 1 8 0
1 348 1 34 0
1 325 0 334 1
1 489 1 145 0
1 362 0 417 1
1 175 0 321 1
1 304 0 267 1
1 187 0 55 1
1 106 0 304 1
1 217 0 39 1
1 477 1 26 0
1 422 1 278 0
1 254 1 358 0
1 11 0 356 1
1 261 0 245 1
1 64 1 344 0
1 350 1 411 0
1 474 0 179 1
1 346 0 70 1
1 420 0 309 1
1 486 0 99 1
1 134 1 391 0
1 463 1 320 0
1 47 0 170 1
1 226 0 263 1
1 208 1 207 0
1 385 0 134 1
1 86 1 241 0
1 93 0 97 1
1 101 0 353 1
1 438 0 261 1
1 299 1 292 0
1 273 1 277 0
1 72 0 123 1
1 443 0 491 1
1 432 1 433 0
1 192 0 167 1
1 328 0 159 1
1 487 1 375 0
1 425 1 314 0
1 239 0 137 1
1 25 1 226 0
1 367 0 111 1
1 466 1 61 0
1 304 1 71 0
1 413 0 343 1
1 331 1 216 0
1 237 1 108 0
1 95 1 308 0
1 327 1 42 0
1 401 1 263 0
1 77 1 97 0
1 430 1 404 0
1 352 0 23 1
1 380 0 281 1
1 336 0 124 1
1 19 0 457 1
1 349 1 482 0
1 169 1 416 0
1 47 1 74 0
1 486 0 459 1
1 417 1 418 0
1 277 0 158 1
1 127 1 468 0
1 67 1 453 0
1 14 0 467 1
1 318 0 187 1
1 165 1 349 0
1 96 0 21 1
1 371 1 77 0
1 398 0 308 1
1 297 1 416 0
1 269 1 247 0
1 4 1 438 0
1 167 1 50 0
1 113 1 254 0
1 14 1 34 0
1 273 1 387 0
1 288 1 399 0
1 359 0 355 1
1 454 1 469 0
1 326 0 276 1
1 161 1 93 0
1 129 1 353 0
1 113 0 101 1
1 429 1 113 0
1 10 1 231 0
1 130 0 278 1
1 79 0 134 1
1 317 0 246 1
1 183 1 430 0
1 101 0 293 1
1 65 1 374 0
1 281 0 353 1
1 374 1 144 0
1 212 1 332 0
1 118 1 139 0
1 209 1 375 0
1 231 1 434 0
1 232 0 441 1
1 136 1 165 0
1 155 0 145 1
1 492 0 284 1
1 25 0 173 1
1 417 0 341 1
1 418 1 202 0
1 372 0 120 1
1 96 1 39 0
1 493 0 377 1
1 391 1 372 0
1 25 1 204 0
1 305 1 239 0
1 342 1 19 0
1 118 0 175 1
1 54 1 446 0
1 217 1 190 0
1 213 1 371 0
1 334 1 306 0
1 256 1 358 0
1 478 0 275 1
1 301 1 2 0
1 476 1 177 0
1 122 1 173 0
1 215 1 119 0
1 54 1 207 0
1 92 0 176 1
1 410 1 397 0
1 16 1 354 0
1 17 1 134 0
1 130 1 70 0
1 181 1 346 0
1 259 0 393 1
1 318 0 195 1
1 204 0 78 1
1 57 0 186 1
1 352 1 357 0
1 188 0 429 1
1 136 1 309 0
1 107 0 447 1
1 29 0 257 1
1 256 1 218 0
1 432 0 267 1
1 216 0 448 1
1 125 1 329 0
1 183 0 351 1
1 398 0 363 1
1 298 1 259 0
1 261 0 120 1
1 55 0 464 1
1 295 1 111 0
1 251 1 248 0
1 70 0 40 1
1 279 0 302 1
1 348 0 385 1
1 253 1 474 0
1 243 0 110 1
1 293 1 180 0
1 377 1 13 0
1 229 0 6 1
1 341 0 13 1
1 454 1 340 0
1 375 1 256 0
1 200 1 237 0
1 473 0 254 1
1 302 0 272 1
1 462 0 58 1
1 121 0 36 1
1 97 1 399 0
1 337 1 47 0
1 385 1 191 0
1 122 0 133 1
1 301 0 414 1
1 409 0 182 1
1 28 0 239 1
1 284 1 465 0
1 251 0 242 1
1 406 1 130 0
1 100 1 111 0
1 464 0 77 1
1 461 0 270 1
1 445 0 427 1
1 424 0 167 1
1 64 1 26 0
1 71 1 400 0
1 169 1 57 0
1 193 0 387 1
1 286 1 95 0
1 305 0 199 1
1 373 1 429 0
1 39 0 258 1
1 495 0 289 1
1 102 1 405 0
1 21 0 201 1
1 117 0 484 1
1 374 0 83 1
1 258 0 323 1
1 14 0 187 1
1 91 1 78 0
1 309 0 161 1
1 315 1 368 0
1 465 1 105 0
1 462 1 371 0
1 401 1 436 0
1 304 1 439 0
1 199 1 303 0
1 233 0 300 1
1 212 1 253 0
1 5 1 329 0
1 338 1 475 0
1 13 1 100 0
1 302 0 123 1
1 383 0 489 1
1 297 1 293 0
1 155 0 376 1
1 371 1 71 0
1 345 0 340 1
1 175 1 409 0
1 215 0 80 1
1 349 0 120 1
1 24 1 52 0
1 422 1 353 0
1 351 1 236 0
1 207 1 452 0
1 166 0 49 1
1 431 0 178 1
1 245 1 334 0
1 300 0 133 1
1 328 0 102 1
1 27 0 84 1
1 79 0 398 1
1 154 0 423 1
1 242 1 425 0
1 433 0 59 1
1 10 0 287 1
1 178 0 130 1
1 435 0 202 1
1 84 0 291 1
1 437 1 387 0
1 344 1 107 0
1 435 0 377 1
1 381 0 281 1
1 215 1 282 0
1 15 1 144 0
1 383 0 42 1
1 324 1 63 0
1 439 0 477 1
1 88 0 282 1
1 9 1 25 0
1 340 0 18 1
1 311 0 120 1
1 244 1 251 0
1 321 1 424 0
1 143 0 359 1
1 315 0 88 1
1 67 0 351 1
1 464 0 447 1
1 136 1 281 0
1 233 1 151 0
1 424 0 218 1
1 192 1 253 0
1 280 0 135 1
1 331 1 464 0
1 18 1 339 0
1 489 1 455 0
1 453 0 401 1
1 176 0 298 1
1 253 0 1 1
1 323 0 492 1
1 456 1 142 0
1 85 0 27 1
1 492 1 150 0
1 473 0 230 1
1 430 0 307 1
1 380 0 456 1
1 126 1 173 0
1 310 0 8 1
1 404 1 145 0
1 471 0 421 1
1 86 0 66 1
1 477 1 140 0
1 467 1 157 0
1 40 0 321 1
1 157 1 362 0
1 318 0 214 1
1 9 1 4 0
1 240 0 102 1
1 153 0 314 1
1 428 0 185 1
1 126 0 312 1
1 145 0 348 1
1 86 1 454 0
1 355 0 489 1
1 200 1 331 0
1 415 1 285 0
1 396 0 493 1
1 27 1 464 0
1 155 0 66 1
1 290 1 408 0
1 427 1 112 0
1 127 0 37 1
1 212 1 366 0
1 236 0 364 1
1 282 1 168 0
1 53 1 9 0
1 82 0 294 1
1 356 0 167 1
1 252 0 216 1
1 161 0 452 1
1 148 0 177 1
1 338 0 48 1
1 174 0 364 1
1 17 1 425 0
1 31 0 306 1
1 338 1 458 0
1 19 1 464 0
1 96 0 230 1
1 431 0 331 1
1 195 1 217 0
1 4 0 248 1
1 322 0 182 1
1 143 0 183 1
1 348 0 395 1
1 495 0 110 1
1 448 0 147 1
1 383 0 387 1
1 194 1 62 0
1 353 1 307 0
1 88 1 383 0
1 117 0 425 1
1 345 0 232 1
1 490 0 441 1
1 461 1 426 0
1 373 1 258 0
1 244 0 376 1
1 10 1 71 0
1 62 0 249 1
1 350 0 12 1
1 148 0 349 1
1 121 0 197 1
1 495 1 9 0
1 89 0 290 1
1 167 1 43 0
1 102 1 254 0
1 425 0 315 1
1 281 1 372 0
1 52 0 275 1
1 414 0 114 1
1 302 1 291 0
1 371 1 148 0
1 269 0 477 1
1 315 1 427 0
1 231 0 169 1
1 438 1 475 0
1 119 0 161 1
1 274 1 215 0
1 266 1 459 0
1 9 0 432 1
1 6 1 110 0
1 287 1 430 0
1 27 0 169 1
1 306 1 78 0
1 444 0 321 1
1 288 0 347 1
1 117 1 261 0
1 494 1 385 0
1 339 0 410 1
1 413 0 74 1
1 180 0 453 1
1 151 1 298 0
1 118 0 424 1
1 114 0 383 1
1 484 1 123 0
1 416 0 489 1
1 329 1 304 0
1 25 1 355 0
1 473 0 331 1
1 34 0 23 1
1 253 1 322 0
1 184 1 465 0
1 355 1 27 0
1 379 1 273 0
1 198 1 161 0
1 230 1 348 0
1 60 0 444 1
1 373 1 174 0
1 428 1 458 0
1 296 0 348 1
1 451 1 129 0
1 253 1 475 0
1 86 1 327 0
1 407 0 119 1
1 349 0 165 1
1 42 0 320 1
1 135 1 225 0
1 289 1 490 0
1 349 1 269 0
1 364 0 51 1
1 31 0 195 1
1 495 1 91 0
1 240 1 469 0
1 264 1 172 0
1 431 1 64 0
1 121 1 386 0
1 289 1 373 0
1 462 0 374 1
1 205 1 471 0
1 95 0 155 1
1 140 1 136 0
1 474 0 274 1
1 458 0 364 1
1 365 0 311 1
1 235 1 330 0
1 458 1 265 0
1 126 1 457 0
1 355 1 365 0
1 430 1 220 0
1 41 1 462 0
1 283 1 161 0
1 449 1 174 0
1 136 0 415 1
1 149 1 437 0
1 390 1 243 0
1 96 0 131 1
1 476 1 75 0
1 7 0 40 1
1 40 0 468 1
1 447 0 274 1
1 303 1 409 0
1 141 1 428 0
1 467 1 495 0
1 298 1 3 0
1 220 0 435 1
1 464 0 104 1
1 198 1 417 0
1 277 0 333 1
1 433 0 28 1
1 274 1 328 0
1 270 1 466 0
1 60 1 250 0
1 45 0 66 1
1 386 0 182 1
1 39 0 337 1
1 455 1 438 0
1 250 1 100 0
1 370 1 318 0
1 197 1 269 0
1 320 1 18 0
1 209 1 288 0
1 121 0 8 1
1 306 1 495 0
1 340 0 244 1
1 27 1 215 0
1 173 0 393 1
1 282 1 232 0
1 245 1 327 0
1 395 0 135 1
1 110 1 35 0
1 472 1 69 0
1 472 0 323 1
1 266 1 443 0
1 146 0 462 1
1 217 1 465 0
1 479 0 27 1
1 355 1 201 0
1 34 1 262 0
1 297 1 470 0
1 10 1 420 0
1 286 1 279 0
1 318 1 72 0
1 113 0 67 1
1 495 0 12 1
1 298 1 109 0
1 46 0 274 1
1 178 1 22 0
1 102 1 45 0
1 66 1 344 0
1 11 0 282 1
1 313 0 91 1
1 405 1 269 0
1 388 0 438 1
1 36 1 190 0
1 14 0 142 1
1 211 0 299 1
1 421 1 33 0
1 468 0 38 1
1 196 0 467 1
1 146 0 494 1
1 81 0 288 1
1 369 1 355 0
1 406 1 72 0
1 399 0 471 1
1 415 1 11 0
1 258 0 330 1
1 198 1 167 0
1 103 0 90 1
1 207 1 235 0
1 376 1 317 0
1 377 1 92 0
1 121 0 302 1
1 221 1 190 0
1 436 1 19 0
1 161 0 183 1
1 114 0 338 1
1 470 0 482 1
1 197 0 380 1
1 156 1 197 0
1 355 0 172 1
1 304 1 214 0
1 478 1 206 0
1 193 0 286 1
1 440 1 73 0
1 107 0 321 1
1 261 1 324 0
1 224 1 84 0
1 18 0 261 1
1 102 1 179 0
1 443 0 215 1
1 118 1 417 0
1 298 1 412 0
1 301 0 453 1
1 113 1 258 0
1 130 1 19 0
1 73 0 232 1
1 121 1 55 0
1 437 1 313 0
1 340 1 479 0
1 483 1 49 0
1 401 1 345 0
1 372 0 130 1
1 428 0 487 1
1 390 1 34 0
1 267 1 435 0
1 345 0 384 1
1 356 1 148 0
1 300 1 259 0
1 202 1 15 0
1 118 0 428 1
1 33 1 190 0
1 262 1 153 0
1 245 1 203 0
1 68 1 186 0
1 283 0 152 1
1 234 0 189 1
1 1 0 208 1
1 318 0 429 1
1 199 1 309 0
1 64 1 465 0
1 248 1 11 0
1 450 1 206 0
1 158 0 255 1
1 464 1 456 0
1 269 0 86 1
1 486 0 398 1
1 372 1 252 0
1 152 1 121 0
1 56 0 219 1
1 404 1 339 0
1 467 0 142 1
1 129 0 468 1
1 3 1 149 0
1 356 1 163 0
1 215 1 206 0
1 173 0 170 1
1 411 1 427 0
1 26 0 476 1
1 485 0 391 1
1 163 0 475 1
1 293 0 39 1
1 328 1 444 0
1 257 0 480 1
1 265 1 165 0
1 323 1 236 0
1 403 1 451 0
1 208 1 354 0
1 3 0 307 1
1 104 0 456 1
1 470 1 416 0
1 166 1 244 0
1 187 1 178 0
1 176 1 212 0
1 158 1 165 0
1 107 1 417 0
1 241 1 1 0
1 455 1 73 0
1 46 1 313 0
1 57 0 310 1
1 51 0 482 1
1 34 0 355 1
1 340 1 134 0
1 264 0 45 1
1 94 1 238 0
1 460 1 356 0
1 481 1 151 0
1 38 0 258 1
1 459 0 292 1
1 422 0 167 1
1 213 1 167 0
1 167 0 269 1
1 336 0 213 1
1 87 1 393 0
1 124 0 165 1
1 471 1 271 0
1 151 1 9 0
1 131 0 92 1
1 142 1 394 0
1 137 1 235 0
1 233 0 198 1
1 192 1 315 0
1 446 1 229 0
1 78 1 409 0
1 25 1 101 0
1 178 0 334 1
1 365 1 441 0
1 108 0 302 1
1 255 1 194 0
1 199 1 379 0
1 455 1 271 0
1 154 1 208 0
1 280 0 381 1
1 299 1 421 0
1 376 1 37 0
1 258 0 113 1
1 235 0 51 1
1 30 0 185 1
1 280 1 204 0
1 195 0 401 1
1 401 0 372 1
1 240 1 270 0
1 318 0 347 1
1 142 1 372 0
1 455 1 101 0
1 148 1 211 0
1 308 1 29 0
1 96 0 209 1
1 51 0 472 1
1 245 1 405 0
1 186 1 81 0
1 456 0 215 1
1 265 0 240 1
1 418 1 460 0
1 145 1 324 0
1 433 1 384 0
1 195 1 255 0
1 332 0 368 1
1 332 1 473 0
1 342 0 388 1
1 176 0 91 1
1 103 0 85 1
1 119 1 296 0
1 293 0 169 1
1 272 1 140 0
1 176 0 457 1
1 317 1 136 0
1 274 1 87 0
1 472 0 293 1
1 148 1 121 0
1 218 0 182 1
1 107 0 413 1
1 437 0 438 1
1 382 0 370 1
1 18 1 228 0
1 262 1 193 0
1 318 0 462 1
1 374 0 38 1
1 262 1 269 0
1 207 1 135 0
1 10 1 479 0
1 193 1 326 0
1 119 1 68 0
1 14 1 95 0
1 361 1 161 0
1 312 1 83 0
1 440 0 418 1
1 495 0 381 1
1 458 1 479 0
1 352 1 77 0
1 211 0 215 1
1 366 1 131 0
1 181 1 244 0
1 168 1 44 0
1 17 1 471 0
1 275 1 123 0
1 454 1 70 0
1 449 0 77 1
1 137 1 462 0
1 268 0 2 1
1 225 0 85 1
1 85 0 169 1
1 104 0 181 1
1 151 1 163 0
1 164 0 7 1
1 239 0 472 1
1 221 0 109 1
1 107 1 4 0
1 450 1 274 0
1 144 1 68 0
1 250 1 419 0
1 191 0 305 1
1 488 0 144 1
1 382 1 129 0
1 110 0 154 1
1 228 1 431 0
1 335 0 312 1
1 104 1 439 0
1 94 1 254 0
1 106 1 355 0
1 260 0 345 1
1 331 1 481 0
1 55 1 39 0
1 86 1 9 0
1 312 0 229 1
1 174 1 163 0
1 249 1 364 0
1 468 1 241 0
1 109 0 451 1
1 467 1 315 0
1 206 0 199 1
1 251 1 46 0
1 112 0 354 1
1 484 0 205 1
1 210 1 191 0
1 161 0 469 1
1 137 1 491 0
1 56 1 192 0
1 131 1 141 0
1 297 1 443 0
1 467 1 470 0
1 207 0 220 1
1 435 1 276 0
1 63 1 48 0
1 231 1 34 0
1 363 0 437 1
1 329 1 118 0
1 84 1 440 0
1 73 0 72 1
1 246 1 282 0
1 359 0 407 1
1 353 0 1 1
1 4 0 408 1
1 192 0 135 1
1 151 1 90 0
1 179 1 122 0
1 65 0 385 1
1 438 1 4 0
1 166 0 5 1
1 149 1 493 0
1 38 0 16 1
1 36 1 366 0
1 230 1 119 0
1 407 0 302 1
1 287 1 158 0
1 89 0 151 1
1 166 0 441 1
1 151 1 169 0
1 450 0 439 1
1 400 1 202 0
1 33 1 83 0
1 420 1 194 0
1 70 0 363 1
1 198 1 332 0
1 367 0 346 1
1 329 1 7 0
1 458 1 365 0
1 469 0 192 1
1 85 1 381 0
1 493 1 372 0
1 140 1 183 0
1 124 1 305 0
1 225 1 371 0
1 473 0 277 1
1 314 1 475 0
1 478 1 443 0
1 62 0 403 1
1 142 0 131 1
1 367 0 339 1
1 462 1 335 0
1 286 0 393 1
1 341 0 248 1
1 359 1 412 0
1 41 1 443 0
1 394 0 135 1
1 416 1 38 0
1 318 1 44 0
1 342 0 144 1
1 414 1 416 0
1 420 1 329 0
1 395 1 403 0
1 277 1 59 0
1 407 0 418 1
1 286 1 278 0
1 358 1 253 0
1 117 0 245 1
1 247 1 60 0
1 94 1 110 0
1 471 0 134 1
1 57 1 369 0
1 268 0 473 1
1 8 1 90 0
1 118 0 446 1
1 331 1 134 0
1 366 0 255 1
1 462 0 363 1
1 259 0 340 1
1 23 0 170 1
1 359 1 308 0
1 49 0 221 1
1 65 1 263 0
1 465 1 408 0
1 322 1 160 0
1 22 0 394 1
1 293 0 176 1
1 364 0 66 1
1 250 0 468 1
1 252 0 367 1
1 418 1 87 0
1 5 0 385 1
1 439 0 69 1
1 252 0 202 1
1 10 0 274 1
1 469 0 369 1
1 184 1 119 0
1 94 0 248 1
1 381 1 161 0
1 258 0 304 1
1 320 1 279 0
1 299 0 118 1
1 454 1 167 0
1 280 1 208 0
1 139 0 133 1
1 177 1 61 0
1 220 1 278 0
1 48 0 260 1
1 443 0 299 1
1 461 0 453 1
1 175 1 36 0
1 326 1 358 0
1 155 0 419 1
1 207 1 137 0
1 181 0 464 1
1 441 1 103 0
1 345 1 244 0
1 317 1 400 0
1 13 0 101 1
1 113 0 151 1
1 233 1 386 0
1 309 0 54 1
1 168 0 356 1
1 313 0 116 1
1 256 0 376 1
1 73 1 32 0
1 13 1 398 0
1 486 0 167 1
1 418 1 295 0
1 304 1 201 0
1 360 0 346 1
1 400 0 209 1
1 94 0 221 1
1 114 1 106 0
1 418 1 323 0
1 354 0 252 1
1 213 1 264 0
1 403 1 477 0
1 221 1 220 0
1 194 1 476 0
1 197 0 363 1
1 110 0 210 1
1 362 1 100 0
1 473 0 382 1
1 491 1 378 0
1 87 1 356 0
1 228 1 486 0
1 69 1 419 0
1 308 0 279 1
1 126 0 230 1
1 106 1 479 0
1 481 1 415 0
1 247 0 388 1
1 494 0 467 1
1 210 0 192 1
1 50 1 8 0
1 60 1 256 0
1 314 0 421 1
1 452 0 292 1
1 307 0 448 1
1 271 0 490 1
1 308 0 101 1
1 82 0 376 1
1 24 0 389 1
1 257 0 149 1
1 123 1 459 0
1 230 0 109 1
1 379 1 78 0
1 98 0 474 1
1 147 1 307 0
1 170 0 196 1
1 412 1 326 0
1 53 0 230 1
1 349 0 9 1
1 123 0 257 1
1 456 1 394 0
1 252 1 268 0
1 96 0 430 1
1 246 1 119 0
1 324 1 7 0
1 364 1 446 0
1 465 1 98 0
1 156 0 445 1
1 176 0 351 1
1 25 1 322 0
1 259 1 292 0
1 119 0 175 1
1 122 1 268 0
1 405 1 72 0
1 276 0 129 1
1 329 0 334 1
1 124 0 182 1
1 203 1 219 0
1 116 0 448 1
1 434 0 439 1
1 56 1 303 0
1 487 0 123 1
1 2 1 244 0
1 169 1 274 0
1 99 1 194 0
1 197 0 358 1
1 485 1 412 0
1 37 1 208 0
1 184 1 43 0
1 280 1 460 0
1 172 1 210 0
1 298 1 295 0
1 391 1 5 0
1 19 1 108 0
1 55 1 54 0
1 149 0 207 1
1 453 1 140 0
1 426 1 455 0
1 383 1 100 0
1 330 0 84 1
1 293 0 32 1
1 441 0 379 1
1 443 1 477 0
1 91 1 132 0
1 25 0 467 1
1 193 0 293 1
1 181 0 92 1
1 92 0 173 1
1 193 0 207 1
1 378 1 344 0
1 261 1 31 0
1 56 1 315 0
1 267 0 481 1
1 274 0 251 1
1 182 1 206 0
1 334 1 76 0
1 237 0 279 1
1 454 1 281 0
1 358 1 147 0
1 14 0 382 1
1 118 0 303 1
1 179 1 396 0
1 394 0 367 1
1 73 1 92 0
1 176 0 450 1
1 435 0 436 1
1 480 0 92 1
1 255 1 348 0
1 175 0 131 1
1 104 0 356 1
1 336 0 39 1
1 432 1 174 0
1 318 0 487 1
1 56 0 180 1
1 138 1 70 0
1 163 1 256 0
1 372 1 438 0
1 156 0 271 1
1 309 0 325 1
1 459 0 484 1
1 280 0 495 1
1 26 1 361 0
1 92 0 378 1
1 311 1 266 0
1 110 0 414 1
1 126 0 47 1
1 54 1 159 0
1 220 0 371 1
1 151 0 275 1
1 152 1 288 0
1 441 0 314 1
1 145 0 318 1
1 256 0 397 1
1 190 0 167 1
1 324 1 250 0
1 252 0 205 1
1 346 1 375 0
1 167 0 437 1
1 257 0 477 1
1 304 0 463 1
1 492 1 32 0
1 14 1 51 0
1 190 0 330 1
1 421 1 437 0
1 206 1 175 0
1 327 0 152 1
1 488 1 471 0
1 71 0 346 1
1 470 1 357 0
1 114 1 298 0
1 208 0 365 1
1 7 1 58 0
1 244 1 173 0
1 97 1 102 0
1 252 1 400 0
1 69 1 248 0
1 33 1 179 0
1 298 1 223 0
1 110 1 321 0
1 261 1 316 0
1 495 1 92 0
1 69 1 89 0
1 165 1 236 0
1 36 0 139 1
1 194 1 246 0
1 38 1 401 0
1 116 0 141 1
1 60 1 456 0
1 410 1 156 0
1 160 1 166 0
1 158 0 325 1
1 16 1 190 0
1 9 0 410 1
1 14 1 215 0
1 235 1 275 0
1 35 1 331 0
1 366 1 200 0
1 22 0 132 1
1 37 1 154 0
1 367 1 230 0
1 400 1 404 0
1 232 1 20 0
1 146 0 292 1
1 77 0 61 1
1 49 1 236 0
1 323 0 206 1
1 163 1 338 0
1 396 1 268 0
1 253 0 409 1
1 482 0 89 1
1 285 0 22 1
1 22 1 156 0
1 318 1 43 0
1 287 1 355 0
1 196 1 159 0
1 89 1 197 0
1 164 1 418 0
1 216 1 310 0
1 311 0 390 1
1 467 1 359 0
1 227 1 391 0
1 167 1 389 0
1 234 1 67 0
1 161 0 88 1
1 77 1 148 0
1 273 1 362 0
1 266 0 294 1
1 119 1 88 0
1 433 1 7 0
1 44 0 231 1
1 262 1 230 0
1 427 0 28 1
1 152 1 245 0
1 434 0 462 1
1 139 0 405 1
1 422 1 462 0
1 300 1 93 0
1 356 1 135 0
1 159 0 118 1
1 319 1 333 0
1 362 1 97 0
1 296 1 132 0
1 487 1 16 0
1 317 0 27 1
1 22 0 360 1
1 257 0 381 1
1 191 1 285 0
1 408 0 342 1
1 34 1 346 0
1 405 1 269 0
1 255 0 332 1
1 236 0 156 1
1 424 0 193 1
1 388 0 185 1
1 407 1 211 0
1 22 1 274 0
1 404 0 414 1
1 405 0 396 1
1 429 1 323 0
1 422 0 450 1
1 285 1 280 0
1 335 0 475 1
1 69 0 344 1
1 322 1 200 0
1 194 1 328 0
1 70 0 50 1
1 164 1 402 0
1 303 0 93 1
1 99 1 195 0
1 277 0 11 1
1 7 0 395 1
1 284 0 411 1
1 313 0 290 1
1 408 0 246 1
1 215 0 431 1
1 297 1 4 0
1 215 0 234 1
1 478 1 380 0
1 82 0 401 1
1 84 1 276 0
1 331 0 251 1
1 422 0 494 1
1 157 0 229 1
1 188 1 256 0
1 423 1 66 0
1 363 0 32 1
1 460 0 248 1
1 442 0 374 1
1 139 1 451 0
1 124 1 353 0
1 386 0 421 1
1 453 1 202 0
1 159 0 38 1
1 86 0 337 1
1 438 0 267 1
1 117 1 370 0
1 22 1 44 0
1 369 0 178 1
1 369 1 61 0
1 35 1 394 0
1 127 0 494 1
1 425 0 188 1
1 246 1 371 0
1 67 1 385 0
1 326 0 287 1
1 339 1 313 0
1 212 1 297 0
1 19 0 467 1
1 334 1 104 0
1 406 1 373 0
1 467 0 27 1
1 248 0 488 1
1 167 0 218 1
1 268 1 138 0
1 278 1 302 0
1 36 0 6 1
1 301 0 460 1
1 291 1 148 0
1 432 0 357 1
1 134 1 359 0
1 148 1 473 0
1 176 0 457 1
1 371 1 291 0
1 30 0 209 1
1 491 0 435 1
1 86 0 463 1
1 64 1 430 0
1 57 0 327 1
1 152 0 324 1
1 464 0 32 1
1 228 0 101 1
1 37 1 130 0
1 65 1 327 0
1 374 1 98 0
1 285 0 13 1
1 58 0 35 1
1 87 0 330 1
1 491 0 457 1
1 125 1 122 0
1 170 1 121 0
1 159 1 352 0
1 88 0 222 1
1 287 1 144 0
1 150 1 438 0
1 70 0 216 1
1 469 0 394 1
1 316 1 108 0
1 125 1 478 0
1 36 0 3 1
1 177 1 418 0
1 15 1 235 0
1 452 0 198 1
1 69 1 49 0
1 159 1 194 0
1 170 0 328 1
1 411 0 328 1
1 282 0 3 1
1 151 1 73 0
1 243 1 398 0
1 112 1 409 0
1 118 0 183 1
1 307 0 35 1
1 387 1 33 0
1 114 0 24 1
1 36 0 291 1
1 441 1 147 0
1 127 0 397 1
1 345 0 195 1
1 445 0 8 1
1 485 0 217 1
1 433 1 400 0
1 146 0 219 1
1 4 0 297 1
1 388 1 344 0
1 199 0 4 1
1 354 0 413 1
1 186 0 263 1
1 447 1 174 0
1 295 1 66 0
1 198 1 330 0
1 356 1 143 0
1 477 1 482 0
1 142 0 326 1
1 278 1 188 0
1 430 1 365 0
1 404 1 367 0
1 366 0 55 1
1 187 1 467 0
1 448 0 79 1
1 315 0 248 1
1 83 1 173 0
1 165 0 365 1
1 37 1 116 0
1 44 1 332 0
1 278 0 241 1
1 166 0 138 1
1 480 0 244 1
1 221 0 126 1
1 171 0 101 1
1 314 1 106 0
1 465 0 319 1
1 74 0 432 1
1 470 1 261 0
1 403 0 422 1
1 339 0 319 1
1 174 0 23 1
1 94 1 435 0
1 388 1 130 0
1 56 0 33 1
1 461 1 333 0
1 370 0 132 1
1 73 1 354 0
1 472 0 390 1
1 82 0 148 1
1 92 0 492 1
1 253 0 158 1
1 315 0 423 1
1 95 0 387 1
1 188 1 2 0
1 410 1 32 0
1 418 0 186 1
1 151 1 16 0
1 125 0 43 1
1 145 1 180 0
1 75 1 111 0
1 115 1 46 0
1 339 0 284 1
1 400 0 315 1
1 178 0 83 1
1 64 1 367 0
1 79 0 413 1
1 29 1 490 0
1 341 0 123 1
1 381 0 130 1
1 222 1 393 0
1 258 1 144 0
1 83 1 409 0
1 159 1 207 0
1 451 0 400 1
1 387 0 128 1
1 15 0 103 1
1 173 0 450 1
1 386 1 174 0
1 367 0 165 1
1 256 0 430 1
1 36 1 431 0
1 445 0 162 1
