0.000042
0.000117
0.000827
0.002217
0.004934
0.009083
0.017870
0.028385
0.036111
0.051268
0.078906
0.102523
0.135410
0.156592
0.188710
0.243584
0.315952
0.353942
0.460531
0.475746
0.566680
0.653696
0.766255
0.859599
0.980464
1.122886
1.247602
1.428293
1.729059
1.727915
2.019084
2.163780
2.590616
2.719456
3.193577
3.075944
3.583658
3.701207
4.424686
4.282278
4.766861
4.971586
5.452246
5.876244
6.801470
6.407096
7.021121
7.138427
8.734419
8.609324
10.042763
9.479803
10.608273
11.018298
12.431740
12.761567
13.204028
13.152699
14.283980
15.172343
17.296877
16.973019
18.001719
18.779318
18.745705
21.606016
23.633362
22.434490
24.432255
25.748848
28.385672
27.655680
28.347641
27.916460
30.311295
31.632696
35.247063
32.152744
35.404385
36.013618
40.101799
39.301521
43.952103
41.279579
44.894627
46.235771
50.400131
52.385250
52.835892
52.611687
55.297077
56.330971
60.061478
56.668919
61.492577
59.800613
68.629837
69.100700
75.590317
70.585800

